[gd_scene load_steps=33 format=3 uid="uid://3f7k8dolqfhh"]

[ext_resource type="PackedScene" uid="uid://g4tbrr3sfui2" path="res://player.tscn" id="1_a202f"]
[ext_resource type="Script" uid="uid://b85s3xfg6xv8i" path="res://game_manager.gd" id="1_tereu"]
[ext_resource type="FontFile" uid="uid://decj3qo5pg26d" path="res://kirifont/KiriFont.otf" id="2_cdqbm"]
[ext_resource type="LabelSettings" uid="uid://b32jxxg8k3j45" path="res://custom.tres" id="2_tereu"]
[ext_resource type="LabelSettings" uid="uid://c2fbmgdggtmr8" path="res://leaderboard.tres" id="4_imku0"]
[ext_resource type="PackedScene" uid="uid://o6nh6fno5b0d" path="res://level/level.tscn" id="6_i5arm"]
[ext_resource type="PackedScene" uid="uid://berc3ktdu00jq" path="res://water_grid.tscn" id="6_jsk3o"]
[ext_resource type="PackedScene" uid="uid://cloxm7yrf3dau" path="res://player4.tscn" id="6_vxd74"]
[ext_resource type="PackedScene" uid="uid://6kx5nm2ecru" path="res://items/generators/items.tscn" id="6_wc5p8"]
[ext_resource type="PackedScene" uid="uid://bgowpuve5rom4" path="res://level/1x1/1x1.tscn" id="7_6iypd"]
[ext_resource type="PackedScene" uid="uid://cwjt7a54ooioq" path="res://player3.tscn" id="7_dhlwf"]
[ext_resource type="PackedScene" uid="uid://oa4gk1w85htb" path="res://kill_zone.tscn" id="7_wc5p8"]
[ext_resource type="PackedScene" uid="uid://685x3hhuvr5l" path="res://player2.tscn" id="8_5t8nk"]
[ext_resource type="Script" uid="uid://4ohwjxvwlf14" path="res://scripts/random_platform.gd" id="8_tereu"]
[ext_resource type="PackedScene" uid="uid://bau54xbcyquty" path="res://goal.tscn" id="9_4arys"]
[ext_resource type="PackedScene" uid="uid://evotmterwgic" path="res://level/1x1/0.tscn" id="9_cdqbm"]
[ext_resource type="PackedScene" uid="uid://bq3jgcl0fepk2" path="res://level/1x1/1.tscn" id="10_imku0"]
[ext_resource type="PackedScene" uid="uid://bct2vsr7ymxi4" path="res://level/2x2/2x2.tscn" id="11_imku0"]
[ext_resource type="PackedScene" uid="uid://l2l3mvvrqhsu" path="res://level/2x2/0.tscn" id="12_wlxy5"]
[ext_resource type="PackedScene" uid="uid://da3dp6rlapf65" path="res://level/2x2/1.tscn" id="13_3v7ru"]
[ext_resource type="PackedScene" uid="uid://ck51bdne8ldwv" path="res://island.tscn" id="14_wlxy5"]
[ext_resource type="PackedScene" uid="uid://bpulflnw0vw5l" path="res://level/2x1/2x1.tscn" id="17_nu31w"]
[ext_resource type="PackedScene" uid="uid://dviuybxhwu1ho" path="res://level/2x1/0.tscn" id="18_obt1j"]
[ext_resource type="PackedScene" uid="uid://gof5kolddo3a" path="res://level/1x1/2.tscn" id="19_obt1j"]
[ext_resource type="PackedScene" uid="uid://bsmlem37lo4th" path="res://level/2x2/2.tscn" id="22_2yde8"]
[ext_resource type="PackedScene" uid="uid://csmc4dfieimjx" path="res://meshes/Startplatform/Startingplatform.tscn" id="24_dhlwf"]

[sub_resource type="LabelSettings" id="LabelSettings_cdqbm"]
font = ExtResource("2_cdqbm")
font_size = 300
outline_size = 40
outline_color = Color(0, 0, 0, 1)

[sub_resource type="StyleBoxFlat" id="StyleBoxFlat_cdqbm"]
bg_color = Color(7.52043e-08, 0.0590926, 0.150703, 0.411765)

[sub_resource type="ProceduralSkyMaterial" id="ProceduralSkyMaterial_noarx"]

[sub_resource type="Sky" id="Sky_noarx"]
sky_material = SubResource("ProceduralSkyMaterial_noarx")

[sub_resource type="Environment" id="Environment_a0tk4"]
background_mode = 2
background_energy_multiplier = 2.5
sky = SubResource("Sky_noarx")

[sub_resource type="CameraAttributesPractical" id="CameraAttributesPractical_noarx"]

[node name="Game" type="Node3D"]

[node name="GameManager" type="Node" parent="."]
script = ExtResource("1_tereu")

[node name="CanvasLayer" type="CanvasLayer" parent="GameManager"]
layer = 100

[node name="SharedLabel" type="Label" parent="GameManager/CanvasLayer"]
custom_minimum_size = Vector2(400, 400)
anchors_preset = 8
anchor_left = 0.5
anchor_top = 0.5
anchor_right = 0.5
anchor_bottom = 0.5
offset_left = -960.0
offset_top = -540.0
offset_right = 960.0
offset_bottom = 540.0
grow_horizontal = 2
grow_vertical = 2
pivot_offset = Vector2(960, 540)
size_flags_vertical = 1
theme_override_font_sizes/font_size = 50
label_settings = ExtResource("2_tereu")
horizontal_alignment = 1
vertical_alignment = 1
autowrap_mode = 2
metadata/_edit_use_anchors_ = true

[node name="SharedLabel2" type="Label" parent="GameManager/CanvasLayer"]
custom_minimum_size = Vector2(2000, 1200)
anchors_preset = 8
anchor_left = 0.5
anchor_top = 0.5
anchor_right = 0.5
anchor_bottom = 0.5
offset_left = -1000.0
offset_top = -600.0
offset_right = 1000.0
offset_bottom = 600.0
grow_horizontal = 2
grow_vertical = 2
size_flags_vertical = 1
text = " "
label_settings = SubResource("LabelSettings_cdqbm")
horizontal_alignment = 1
vertical_alignment = 1
autowrap_mode = 2
metadata/_edit_use_anchors_ = true

[node name="opacity" type="Panel" parent="GameManager/CanvasLayer"]
visible = false
anchors_preset = 15
anchor_right = 1.0
anchor_bottom = 1.0
grow_horizontal = 2
grow_vertical = 2
size_flags_horizontal = 4
size_flags_vertical = 4
theme_override_styles/panel = SubResource("StyleBoxFlat_cdqbm")

[node name="Leaderboard" type="Panel" parent="GameManager/CanvasLayer/opacity"]
custom_minimum_size = Vector2(500, 500)
layout_mode = 1
anchors_preset = 8
anchor_left = 0.5
anchor_top = 0.5
anchor_right = 0.5
anchor_bottom = 0.5
offset_left = -250.0
offset_top = -250.0
offset_right = 250.0
offset_bottom = 250.0
grow_horizontal = 2
grow_vertical = 2

[node name="VBoxContainer" type="VBoxContainer" parent="GameManager/CanvasLayer/opacity/Leaderboard"]
layout_mode = 1
anchors_preset = 15
anchor_right = 1.0
anchor_bottom = 1.0
grow_horizontal = 2
grow_vertical = 2
theme_override_constants/separation = 20

[node name="Score1st" type="Label" parent="GameManager/CanvasLayer/opacity/Leaderboard/VBoxContainer"]
custom_minimum_size = Vector2(100, 100)
layout_mode = 2
size_flags_vertical = 3
label_settings = ExtResource("4_imku0")
horizontal_alignment = 1
vertical_alignment = 1
autowrap_mode = 2

[node name="Score2nd" type="Label" parent="GameManager/CanvasLayer/opacity/Leaderboard/VBoxContainer"]
custom_minimum_size = Vector2(100, 100)
layout_mode = 2
size_flags_vertical = 3
label_settings = ExtResource("4_imku0")
horizontal_alignment = 1
vertical_alignment = 1
autowrap_mode = 2

[node name="Score3rd" type="Label" parent="GameManager/CanvasLayer/opacity/Leaderboard/VBoxContainer"]
custom_minimum_size = Vector2(100, 100)
layout_mode = 2
size_flags_vertical = 3
label_settings = ExtResource("4_imku0")
horizontal_alignment = 1
vertical_alignment = 1
autowrap_mode = 2

[node name="Score4th" type="Label" parent="GameManager/CanvasLayer/opacity/Leaderboard/VBoxContainer"]
custom_minimum_size = Vector2(100, 100)
layout_mode = 2
size_flags_vertical = 3
label_settings = ExtResource("4_imku0")
horizontal_alignment = 1
vertical_alignment = 1
autowrap_mode = 2

[node name="Leaderboard2" type="Panel" parent="GameManager/CanvasLayer/opacity"]
visible = false
custom_minimum_size = Vector2(1000, 150)
layout_mode = 1
anchors_preset = 8
anchor_left = 0.5
anchor_top = 0.5
anchor_right = 0.5
anchor_bottom = 0.5
offset_left = -500.0
offset_top = 140.0
offset_right = 500.0
offset_bottom = 290.0
grow_horizontal = 2
grow_vertical = 2

[node name="MarginContainer" type="MarginContainer" parent="GameManager/CanvasLayer/opacity/Leaderboard2"]
layout_mode = 1
anchors_preset = 15
anchor_right = 1.0
anchor_bottom = 1.0
grow_horizontal = 2
grow_vertical = 2
theme_override_constants/margin_left = 30
theme_override_constants/margin_top = 30
theme_override_constants/margin_right = 30
theme_override_constants/margin_bottom = 30

[node name="HBoxContainer" type="HBoxContainer" parent="GameManager/CanvasLayer/opacity/Leaderboard2/MarginContainer"]
custom_minimum_size = Vector2(1000, 0)
layout_mode = 2
theme_override_constants/separation = 100

[node name="Options" type="Button" parent="GameManager/CanvasLayer/opacity/Leaderboard2/MarginContainer/HBoxContainer"]
layout_mode = 2
size_flags_horizontal = 3
size_flags_vertical = 3
theme_override_fonts/font = ExtResource("2_cdqbm")
theme_override_font_sizes/font_size = 50
text = "Options"

[node name="StartGame" type="Button" parent="GameManager/CanvasLayer/opacity/Leaderboard2/MarginContainer/HBoxContainer"]
layout_mode = 2
size_flags_horizontal = 3
size_flags_vertical = 3
theme_override_fonts/font = ExtResource("2_cdqbm")
theme_override_font_sizes/font_size = 50
text = "Restart"

[node name="Quit" type="Button" parent="GameManager/CanvasLayer/opacity/Leaderboard2/MarginContainer/HBoxContainer"]
layout_mode = 2
size_flags_horizontal = 3
size_flags_vertical = 3
theme_override_fonts/font = ExtResource("2_cdqbm")
theme_override_font_sizes/font_size = 50
text = "quit"

[node name="DirectionalLight3D" type="DirectionalLight3D" parent="."]
transform = Transform3D(-0.534213, -0.815404, -0.223011, -0.284691, -0.0748638, 0.955692, -0.79597, 0.574032, -0.192145, -4.2404, 11.0469, -3.46405)
shadow_enabled = true

[node name="WorldEnvironment" type="WorldEnvironment" parent="."]
environment = SubResource("Environment_a0tk4")
camera_attributes = SubResource("CameraAttributesPractical_noarx")

[node name="GridContainer" type="GridContainer" parent="."]
anchors_preset = 15
anchor_right = 1.0
anchor_bottom = 1.0
grow_horizontal = 2
grow_vertical = 2
columns = 2

[node name="SubViewportContainer" type="SubViewportContainer" parent="GridContainer"]
layout_mode = 2
size_flags_horizontal = 3
size_flags_vertical = 3
stretch = true

[node name="SubViewport" type="SubViewport" parent="GridContainer/SubViewportContainer"]
handle_input_locally = false
size = Vector2i(958, 538)
render_target_update_mode = 4

[node name="Player" parent="GridContainer/SubViewportContainer/SubViewport" instance=ExtResource("1_a202f")]
transform = Transform3D(1, 0, 0, 0, 1, 0, 0, 0, 1, 0, 10, 0)
axis_lock_angular_y = true

[node name="IconTexture" type="TextureRect" parent="GridContainer/SubViewportContainer/SubViewport/Player"]
offset_right = 150.0
offset_bottom = 150.0
expand_mode = 1

[node name="PointsLabel" type="Label" parent="GridContainer/SubViewportContainer/SubViewport/Player"]
anchors_preset = 2
anchor_top = 1.0
anchor_bottom = 1.0
offset_top = -23.0
offset_right = 79.0
grow_vertical = 0

[node name="MarginContainer" type="MarginContainer" parent="GridContainer/SubViewportContainer/SubViewport/Player"]
visible = false
offset_left = 20.0
offset_top = 20.0
offset_right = 60.0
offset_bottom = 61.0

[node name="CurrItemLabel" type="Label" parent="GridContainer/SubViewportContainer/SubViewport/Player/MarginContainer"]
layout_mode = 2

[node name="SubViewportContainer2" type="SubViewportContainer" parent="GridContainer"]
layout_mode = 2
size_flags_horizontal = 3
size_flags_vertical = 3
stretch = true

[node name="SubViewport" type="SubViewport" parent="GridContainer/SubViewportContainer2"]
handle_input_locally = false
size = Vector2i(958, 538)
render_target_update_mode = 4

[node name="Player2" parent="GridContainer/SubViewportContainer2/SubViewport" instance=ExtResource("8_5t8nk")]
transform = Transform3D(1, 0, 0, 0, 1, 0, 0, 0, 1, 2.5, 10, 0)

[node name="PointsLabel" type="Label" parent="GridContainer/SubViewportContainer2/SubViewport/Player2"]
anchors_preset = 3
anchor_left = 1.0
anchor_top = 1.0
anchor_right = 1.0
anchor_bottom = 1.0
offset_left = -79.0
offset_top = -41.0
grow_horizontal = 0
grow_vertical = 0

[node name="MarginContainer" type="MarginContainer" parent="GridContainer/SubViewportContainer2/SubViewport/Player2"]
visible = false
anchors_preset = 1
anchor_left = 1.0
anchor_right = 1.0
offset_left = -40.0
offset_bottom = 41.0
grow_horizontal = 0

[node name="CurrItemLabel" type="Label" parent="GridContainer/SubViewportContainer2/SubViewport/Player2/MarginContainer"]
layout_mode = 2

[node name="IconTexture" type="TextureRect" parent="GridContainer/SubViewportContainer2/SubViewport/Player2"]
anchors_preset = 1
anchor_left = 1.0
anchor_right = 1.0
offset_left = -150.0
offset_bottom = 150.0
grow_horizontal = 0
expand_mode = 1

[node name="SubViewportContainer3" type="SubViewportContainer" parent="GridContainer"]
layout_mode = 2
size_flags_horizontal = 3
size_flags_vertical = 3
stretch = true

[node name="SubViewport" type="SubViewport" parent="GridContainer/SubViewportContainer3"]
handle_input_locally = false
size = Vector2i(958, 538)
render_target_update_mode = 4

[node name="Player3" parent="GridContainer/SubViewportContainer3/SubViewport" instance=ExtResource("7_dhlwf")]
transform = Transform3D(1, 0, 0, 0, 1, 0, 0, 0, 1, 5, 10, 0)

[node name="IconTexture" type="TextureRect" parent="GridContainer/SubViewportContainer3/SubViewport/Player3"]
anchors_preset = 2
anchor_top = 1.0
anchor_bottom = 1.0
offset_top = -150.0
offset_right = 150.0
grow_vertical = 0
expand_mode = 1

[node name="PointsLabel" type="Label" parent="GridContainer/SubViewportContainer3/SubViewport/Player3"]
anchors_preset = 2
anchor_top = 1.0
anchor_bottom = 1.0
offset_top = -41.0
offset_right = 79.0
grow_vertical = 0

[node name="MarginContainer" type="MarginContainer" parent="GridContainer/SubViewportContainer3/SubViewport/Player3"]
visible = false
anchors_preset = 2
anchor_top = 1.0
anchor_bottom = 1.0
offset_top = -41.0
offset_right = 40.0
grow_vertical = 0

[node name="CurrItemLabel" type="Label" parent="GridContainer/SubViewportContainer3/SubViewport/Player3/MarginContainer"]
layout_mode = 2

[node name="SubViewportContainer4" type="SubViewportContainer" parent="GridContainer"]
layout_mode = 2
size_flags_horizontal = 3
size_flags_vertical = 3
stretch = true

[node name="SubViewport" type="SubViewport" parent="GridContainer/SubViewportContainer4"]
handle_input_locally = false
size = Vector2i(958, 538)
render_target_update_mode = 4

[node name="Player4" parent="GridContainer/SubViewportContainer4/SubViewport" instance=ExtResource("6_vxd74")]
transform = Transform3D(1, 0, 0, 0, 1, 0, 0, 0, 1, 7.5, 10, 0)

[node name="IconTexture" type="TextureRect" parent="GridContainer/SubViewportContainer4/SubViewport/Player4"]
anchors_preset = 3
anchor_left = 1.0
anchor_top = 1.0
anchor_right = 1.0
anchor_bottom = 1.0
offset_left = -150.0
offset_top = -150.0
grow_horizontal = 0
grow_vertical = 0
expand_mode = 1

[node name="PointsLabel" type="Label" parent="GridContainer/SubViewportContainer4/SubViewport/Player4"]
anchors_preset = 3
anchor_left = 1.0
anchor_top = 1.0
anchor_right = 1.0
anchor_bottom = 1.0
offset_left = -79.0
offset_top = -41.0
grow_horizontal = 0
grow_vertical = 0

[node name="MarginContainer" type="MarginContainer" parent="GridContainer/SubViewportContainer4/SubViewport/Player4"]
visible = false
anchors_preset = 3
anchor_left = 1.0
anchor_top = 1.0
anchor_right = 1.0
anchor_bottom = 1.0
offset_left = -40.0
offset_top = -41.0
grow_horizontal = 0
grow_vertical = 0

[node name="CurrItemLabel" type="Label" parent="GridContainer/SubViewportContainer4/SubViewport/Player4/MarginContainer"]
layout_mode = 2

[node name="Items" parent="." instance=ExtResource("6_wc5p8")]

[node name="Level" parent="." instance=ExtResource("6_i5arm")]

[node name="Node3D" type="Node3D" parent="Level" instance=ExtResource("7_6iypd")]
transform = Transform3D(0.631389, 0, 0.775467, 0, 1, 0, -0.775467, 0, 0.631389, 0, 0, 0)
script = ExtResource("8_tereu")
platform_scenes = Array[PackedScene]([ExtResource("9_cdqbm"), ExtResource("10_imku0"), ExtResource("19_obt1j"), ExtResource("9_cdqbm"), ExtResource("10_imku0")])
randomize_in_editor = true

[node name="@Node3D@28829" type="Node3D" parent="Level" instance=ExtResource("17_nu31w")]
transform = Transform3D(0.32385, 0, 0.946108, 0, 1, 0, -0.946108, 0, 0.32385, 2.04993, 0, -4.65736)
script = ExtResource("8_tereu")
platform_scenes = Array[PackedScene]([ExtResource("18_obt1j")])
randomize_in_editor = true

[node name="@Node3D@28831" type="Node3D" parent="Level" instance=ExtResource("7_6iypd")]
transform = Transform3D(0.930069, 0, 0.367386, 0, 1, 0, -0.367386, 0, 0.930069, -0.482118, 0, -8.61546)
script = ExtResource("8_tereu")
platform_scenes = Array[PackedScene]([ExtResource("9_cdqbm"), ExtResource("10_imku0"), ExtResource("19_obt1j"), ExtResource("9_cdqbm"), ExtResource("10_imku0")])
randomize_in_editor = true

[node name="@Node3D@28833" type="Node3D" parent="Level" instance=ExtResource("11_imku0")]
transform = Transform3D(-0.935968, 0, 0.352084, 0, 1, 0, -0.352084, 0, -0.935968, 1.80226, 0, -11.847)
script = ExtResource("8_tereu")
platform_scenes = Array[PackedScene]([ExtResource("12_wlxy5"), ExtResource("13_3v7ru"), ExtResource("22_2yde8")])
randomize_in_editor = true

[node name="@Node3D@28835" type="Node3D" parent="Level" instance=ExtResource("17_nu31w")]
transform = Transform3D(0.759521, 0, -0.650482, 0, 1, 0, 0.650482, 0, 0.759521, 3.36116, 0, -15.3776)
script = ExtResource("8_tereu")
platform_scenes = Array[PackedScene]([ExtResource("18_obt1j")])
randomize_in_editor = true

[node name="@Node3D@28837" type="Node3D" parent="Level" instance=ExtResource("11_imku0")]
transform = Transform3D(0.421077, 0, -0.907025, 0, 1, 0, 0.907025, 0, 0.421077, 3.08461, 0, -19.2026)
script = ExtResource("8_tereu")
platform_scenes = Array[PackedScene]([ExtResource("12_wlxy5"), ExtResource("13_3v7ru"), ExtResource("22_2yde8")])
randomize_in_editor = true

[node name="@Node3D@28839" type="Node3D" parent="Level" instance=ExtResource("11_imku0")]
transform = Transform3D(0.985241, 0, -0.171175, 0, 1, 0, 0.171175, 0, 0.985241, 0.888532, 0, -23.9545)
script = ExtResource("8_tereu")
platform_scenes = Array[PackedScene]([ExtResource("12_wlxy5"), ExtResource("13_3v7ru"), ExtResource("22_2yde8")])
randomize_in_editor = true

[node name="@Node3D@28841" type="Node3D" parent="Level" instance=ExtResource("17_nu31w")]
transform = Transform3D(0.709696, 0, -0.704508, 0, 1, 0, 0.704508, 0, 0.709696, -1.5795, 0, -27.0866)
script = ExtResource("8_tereu")
platform_scenes = Array[PackedScene]([ExtResource("18_obt1j")])
randomize_in_editor = true

[node name="@Node3D@28843" type="Node3D" parent="Level" instance=ExtResource("17_nu31w")]
transform = Transform3D(0.212922, 0, 0.977069, 0, 1, 0, -0.977069, 0, 0.212922, -2.70635, 0, -29.9256)
script = ExtResource("8_tereu")
platform_scenes = Array[PackedScene]([ExtResource("18_obt1j")])
randomize_in_editor = true

[node name="@Node3D@28845" type="Node3D" parent="Level" instance=ExtResource("11_imku0")]
transform = Transform3D(0.119247, 0, 0.992865, 0, 1, 0, -0.992865, 0, 0.119247, 0.787747, 0, -36.3551)
script = ExtResource("8_tereu")
platform_scenes = Array[PackedScene]([ExtResource("12_wlxy5"), ExtResource("13_3v7ru"), ExtResource("22_2yde8")])
randomize_in_editor = true

[node name="@Node3D@28847" type="Node3D" parent="Level" instance=ExtResource("11_imku0")]
transform = Transform3D(0.918322, 0, 0.395835, 0, 1, 0, -0.395835, 0, 0.918322, -0.848559, 0, -43.3637)
script = ExtResource("8_tereu")
platform_scenes = Array[PackedScene]([ExtResource("12_wlxy5"), ExtResource("13_3v7ru"), ExtResource("22_2yde8")])
randomize_in_editor = true

[node name="@Node3D@28849" type="Node3D" parent="Level" instance=ExtResource("7_6iypd")]
transform = Transform3D(0.410048, 0, 0.912064, 0, 1, 0, -0.912064, 0, 0.410048, 4.10576, 0, -48.8596)
script = ExtResource("8_tereu")
platform_scenes = Array[PackedScene]([ExtResource("9_cdqbm"), ExtResource("10_imku0"), ExtResource("19_obt1j"), ExtResource("9_cdqbm"), ExtResource("10_imku0")])
randomize_in_editor = true

[node name="@Node3D@28851" type="Node3D" parent="Level" instance=ExtResource("17_nu31w")]
transform = Transform3D(-0.634369, 0, -0.773031, 0, 1, 0, 0.773031, 0, -0.634369, 1.09791, 0, -52.7228)
script = ExtResource("8_tereu")
platform_scenes = Array[PackedScene]([ExtResource("18_obt1j")])
randomize_in_editor = true

[node name="@Node3D@28853" type="Node3D" parent="Level" instance=ExtResource("17_nu31w")]
transform = Transform3D(-0.968511, 0, 0.24897, 0, 1, 0, -0.24897, 0, -0.968511, 3.57453, 0, -57.01)
script = ExtResource("8_tereu")
platform_scenes = Array[PackedScene]([ExtResource("18_obt1j")])
randomize_in_editor = true

[node name="@Node3D@28855" type="Node3D" parent="Level" instance=ExtResource("17_nu31w")]
transform = Transform3D(0.994813, 0, -0.101717, 0, 1, 0, 0.101717, 0, 0.994813, 2.41787, 0, -61.4489)
script = ExtResource("8_tereu")
platform_scenes = Array[PackedScene]([ExtResource("18_obt1j")])
randomize_in_editor = true

[node name="@Node3D@28857" type="Node3D" parent="Level" instance=ExtResource("11_imku0")]
transform = Transform3D(0.138951, 0, -0.990299, 0, 1, 0, 0.990299, 0, 0.138951, 1.41671, 0, -67.7556)
script = ExtResource("8_tereu")
platform_scenes = Array[PackedScene]([ExtResource("12_wlxy5"), ExtResource("13_3v7ru"), ExtResource("22_2yde8")])
randomize_in_editor = true

[node name="@Node3D@28859" type="Node3D" parent="Level" instance=ExtResource("17_nu31w")]
transform = Transform3D(-0.496046, 0, -0.868296, 0, 1, 0, 0.868296, 0, -0.496046, -0.711824, 0, -73.2096)
script = ExtResource("8_tereu")
platform_scenes = Array[PackedScene]([ExtResource("18_obt1j")])
randomize_in_editor = true

[node name="@Node3D@28861" type="Node3D" parent="Level" instance=ExtResource("11_imku0")]
transform = Transform3D(-0.450159, 0, 0.892949, 0, 1, 0, -0.892949, 0, -0.450159, -0.376907, 0, -77.3997)
script = ExtResource("8_tereu")
platform_scenes = Array[PackedScene]([ExtResource("12_wlxy5"), ExtResource("13_3v7ru"), ExtResource("22_2yde8")])
randomize_in_editor = true

[node name="@Node3D@28863" type="Node3D" parent="Level" instance=ExtResource("17_nu31w")]
transform = Transform3D(0.762183, 0, -0.647361, 0, 1, 0, 0.647361, 0, 0.762183, 0.711437, 0, -81.5398)
script = ExtResource("8_tereu")
platform_scenes = Array[PackedScene]([ExtResource("18_obt1j")])
randomize_in_editor = true

[node name="@Node3D@28865" type="Node3D" parent="Level" instance=ExtResource("17_nu31w")]
transform = Transform3D(-0.790235, 0, -0.612804, 0, 1, 0, 0.612804, 0, -0.790235, -0.739736, 0, -83.6917)
script = ExtResource("8_tereu")
platform_scenes = Array[PackedScene]([ExtResource("18_obt1j")])
randomize_in_editor = true

[node name="@Node3D@28867" type="Node3D" parent="Level" instance=ExtResource("17_nu31w")]
transform = Transform3D(-0.939651, 0, 0.342134, 0, 1, 0, -0.342134, 0, -0.939651, 1.78055, 0, -87.2744)
script = ExtResource("8_tereu")
platform_scenes = Array[PackedScene]([ExtResource("18_obt1j")])
randomize_in_editor = true

[node name="@Node3D@28869" type="Node3D" parent="Level" instance=ExtResource("7_6iypd")]
transform = Transform3D(0.408654, 0, 0.912689, 0, 1, 0, -0.912689, 0, 0.408654, 5.3386, 0, -90.8584)
script = ExtResource("8_tereu")
platform_scenes = Array[PackedScene]([ExtResource("9_cdqbm"), ExtResource("10_imku0"), ExtResource("19_obt1j"), ExtResource("9_cdqbm"), ExtResource("10_imku0")])
randomize_in_editor = true

[node name="@Node3D@28871" type="Node3D" parent="Level" instance=ExtResource("7_6iypd")]
transform = Transform3D(-0.850509, 0, 0.525961, 0, 1, 0, -0.525961, 0, -0.850509, 4.7143, 0, -96.9797)
script = ExtResource("8_tereu")
platform_scenes = Array[PackedScene]([ExtResource("9_cdqbm"), ExtResource("10_imku0"), ExtResource("19_obt1j"), ExtResource("9_cdqbm"), ExtResource("10_imku0")])
randomize_in_editor = true

[node name="@Node3D@28873" type="Node3D" parent="Level" instance=ExtResource("17_nu31w")]
transform = Transform3D(-0.99807, 0, 0.0620909, 0, 1, 0, -0.0620909, 0, -0.99807, 3.7678, 0, -101.463)
script = ExtResource("8_tereu")
platform_scenes = Array[PackedScene]([ExtResource("18_obt1j")])
randomize_in_editor = true

[node name="@Node3D@28875" type="Node3D" parent="Level" instance=ExtResource("17_nu31w")]
transform = Transform3D(-0.879246, 0, -0.476367, 0, 1, 0, 0.476367, 0, -0.879246, 5.6018, 0, -105.818)
script = ExtResource("8_tereu")
platform_scenes = Array[PackedScene]([ExtResource("18_obt1j")])
randomize_in_editor = true

[node name="@Node3D@28877" type="Node3D" parent="Level" instance=ExtResource("7_6iypd")]
transform = Transform3D(-0.309471, 0, 0.950909, 0, 1, 0, -0.950909, 0, -0.309471, 10.4785, 0, -111.332)
script = ExtResource("8_tereu")
platform_scenes = Array[PackedScene]([ExtResource("9_cdqbm"), ExtResource("10_imku0"), ExtResource("19_obt1j"), ExtResource("9_cdqbm"), ExtResource("10_imku0")])
randomize_in_editor = true

[node name="@Node3D@28879" type="Node3D" parent="Level" instance=ExtResource("7_6iypd")]
transform = Transform3D(0.872704, 0, 0.488249, 0, 1, 0, -0.488249, 0, 0.872704, 8.52633, 0, -116.701)
script = ExtResource("8_tereu")
platform_scenes = Array[PackedScene]([ExtResource("9_cdqbm"), ExtResource("10_imku0"), ExtResource("19_obt1j"), ExtResource("9_cdqbm"), ExtResource("10_imku0")])
randomize_in_editor = true

[node name="@Node3D@28881" type="Node3D" parent="Level" instance=ExtResource("17_nu31w")]
transform = Transform3D(-0.99899, 0, 0.0449348, 0, 1, 0, -0.0449348, 0, -0.99899, 4.40875, 0, -121.283)
script = ExtResource("8_tereu")
platform_scenes = Array[PackedScene]([ExtResource("18_obt1j")])
randomize_in_editor = true

[node name="@Node3D@28883" type="Node3D" parent="Level" instance=ExtResource("7_6iypd")]
transform = Transform3D(0.987286, 0, -0.158954, 0, 1, 0, 0.158954, 0, 0.987286, 5.67329, 0, -126.115)
script = ExtResource("8_tereu")
platform_scenes = Array[PackedScene]([ExtResource("9_cdqbm"), ExtResource("10_imku0"), ExtResource("19_obt1j"), ExtResource("9_cdqbm"), ExtResource("10_imku0")])
randomize_in_editor = true

[node name="@Node3D@28885" type="Node3D" parent="Level" instance=ExtResource("17_nu31w")]
transform = Transform3D(-0.989223, 0, -0.146417, 0, 1, 0, 0.146417, 0, -0.989223, 10.2872, 0, -114.411)
script = ExtResource("8_tereu")
platform_scenes = Array[PackedScene]([ExtResource("18_obt1j")])
randomize_in_editor = true

[node name="@Node3D@28887" type="Node3D" parent="Level" instance=ExtResource("17_nu31w")]
transform = Transform3D(-0.536098, 0, 0.844156, 0, 1, 0, -0.844156, 0, -0.536098, 11.6536, 0, -116.525)
script = ExtResource("8_tereu")
platform_scenes = Array[PackedScene]([ExtResource("18_obt1j")])
randomize_in_editor = true

[node name="@Node3D@28889" type="Node3D" parent="Level" instance=ExtResource("17_nu31w")]
transform = Transform3D(0.913873, 0, 0.406, 0, 1, 0, -0.406, 0, 0.913873, 9.29172, 0, -120.455)
script = ExtResource("8_tereu")
platform_scenes = Array[PackedScene]([ExtResource("18_obt1j")])
randomize_in_editor = true

[node name="@Node3D@28891" type="Node3D" parent="Level" instance=ExtResource("17_nu31w")]
transform = Transform3D(-0.613733, 0, 0.789514, 0, 1, 0, -0.789514, 0, -0.613733, 11.6596, 0, -122.841)
script = ExtResource("8_tereu")
platform_scenes = Array[PackedScene]([ExtResource("18_obt1j")])
randomize_in_editor = true

[node name="@Node3D@28893" type="Node3D" parent="Level" instance=ExtResource("7_6iypd")]
transform = Transform3D(-0.481269, 0, 0.876573, 0, 1, 0, -0.876573, 0, -0.481269, 11.2149, 0, -126.7)
script = ExtResource("8_tereu")
platform_scenes = Array[PackedScene]([ExtResource("9_cdqbm"), ExtResource("10_imku0"), ExtResource("19_obt1j"), ExtResource("9_cdqbm"), ExtResource("10_imku0")])
randomize_in_editor = true

[node name="@Node3D@28895" type="Node3D" parent="Level" instance=ExtResource("17_nu31w")]
transform = Transform3D(-0.991206, 0, -0.132331, 0, 1, 0, 0.132331, 0, -0.991206, 2.85804, 0, -110.838)
script = ExtResource("8_tereu")
platform_scenes = Array[PackedScene]([ExtResource("18_obt1j")])
randomize_in_editor = true

[node name="@Node3D@28897" type="Node3D" parent="Level" instance=ExtResource("17_nu31w")]
transform = Transform3D(0.0710503, 0, -0.997473, 0, 1, 0, 0.997473, 0, 0.0710503, 2.73299, 0, -116.386)
script = ExtResource("8_tereu")
platform_scenes = Array[PackedScene]([ExtResource("18_obt1j")])
randomize_in_editor = true

[node name="@Node3D@28899" type="Node3D" parent="Level" instance=ExtResource("17_nu31w")]
transform = Transform3D(-0.898368, 0, -0.439244, 0, 1, 0, 0.439244, 0, -0.898368, 1.57895, 0, -120.321)
script = ExtResource("8_tereu")
platform_scenes = Array[PackedScene]([ExtResource("18_obt1j")])
randomize_in_editor = true

[node name="@Node3D@28901" type="Node3D" parent="Level" instance=ExtResource("17_nu31w")]
transform = Transform3D(0.497938, 0, 0.867213, 0, 1, 0, -0.867213, 0, 0.497938, -1.80668, 0, -115.547)
script = ExtResource("8_tereu")
platform_scenes = Array[PackedScene]([ExtResource("18_obt1j")])
randomize_in_editor = true

[node name="@Node3D@28903" type="Node3D" parent="Level" instance=ExtResource("7_6iypd")]
transform = Transform3D(0.319876, 0, -0.947459, 0, 1, 0, 0.947459, 0, 0.319876, 2.33373, 0, -94.159)
script = ExtResource("8_tereu")
platform_scenes = Array[PackedScene]([ExtResource("9_cdqbm"), ExtResource("10_imku0"), ExtResource("19_obt1j"), ExtResource("9_cdqbm"), ExtResource("10_imku0")])
randomize_in_editor = true

[node name="@Node3D@28905" type="Node3D" parent="Level" instance=ExtResource("17_nu31w")]
transform = Transform3D(0.885372, 0, -0.464883, 0, 1, 0, 0.464883, 0, 0.885372, 1.75951, 0, -96.9372)
script = ExtResource("8_tereu")
platform_scenes = Array[PackedScene]([ExtResource("18_obt1j")])
randomize_in_editor = true

[node name="@Node3D@28907" type="Node3D" parent="Level" instance=ExtResource("11_imku0")]
transform = Transform3D(0.858735, 0, -0.512419, 0, 1, 0, 0.512419, 0, 0.858735, -0.405038, 0, -104.034)
script = ExtResource("8_tereu")
platform_scenes = Array[PackedScene]([ExtResource("12_wlxy5"), ExtResource("13_3v7ru"), ExtResource("22_2yde8")])
randomize_in_editor = true

[node name="@Node3D@28909" type="Node3D" parent="Level" instance=ExtResource("17_nu31w")]
transform = Transform3D(-0.655275, 0, 0.75539, 0, 1, 0, -0.75539, 0, -0.655275, 0.557728, 0, -107.225)
script = ExtResource("8_tereu")
platform_scenes = Array[PackedScene]([ExtResource("18_obt1j")])
randomize_in_editor = true

[node name="@Node3D@28911" type="Node3D" parent="Level" instance=ExtResource("17_nu31w")]
transform = Transform3D(0.888739, 0, -0.458413, 0, 1, 0, 0.458413, 0, 0.888739, -2.7337, 0, -111.842)
script = ExtResource("8_tereu")
platform_scenes = Array[PackedScene]([ExtResource("18_obt1j")])
randomize_in_editor = true

[node name="@Node3D@28913" type="Node3D" parent="Level" instance=ExtResource("11_imku0")]
transform = Transform3D(0.267637, 0, -0.96352, 0, 1, 0, 0.96352, 0, 0.267637, 0.494311, 0, -100.244)
script = ExtResource("8_tereu")
platform_scenes = Array[PackedScene]([ExtResource("12_wlxy5"), ExtResource("13_3v7ru"), ExtResource("22_2yde8")])
randomize_in_editor = true

[node name="@Node3D@28915" type="Node3D" parent="Level" instance=ExtResource("11_imku0")]
transform = Transform3D(-0.274646, 0, -0.961545, 0, 1, 0, 0.961545, 0, -0.274646, -3.38747, 0, -104.467)
script = ExtResource("8_tereu")
platform_scenes = Array[PackedScene]([ExtResource("12_wlxy5"), ExtResource("13_3v7ru"), ExtResource("22_2yde8")])
randomize_in_editor = true

[node name="@Node3D@28917" type="Node3D" parent="Level" instance=ExtResource("17_nu31w")]
transform = Transform3D(0.228618, 0, -0.973516, 0, 1, 0, 0.973516, 0, 0.228618, -7.55325, 0, -109.568)
script = ExtResource("8_tereu")
platform_scenes = Array[PackedScene]([ExtResource("18_obt1j")])
randomize_in_editor = true

[node name="@Node3D@28919" type="Node3D" parent="Level" instance=ExtResource("11_imku0")]
transform = Transform3D(-0.300008, 0, 0.953937, 0, 1, 0, -0.953937, 0, -0.300008, -0.918436, 0, -93.8687)
script = ExtResource("8_tereu")
platform_scenes = Array[PackedScene]([ExtResource("12_wlxy5"), ExtResource("13_3v7ru"), ExtResource("22_2yde8")])
randomize_in_editor = true

[node name="@Node3D@28921" type="Node3D" parent="Level" instance=ExtResource("11_imku0")]
transform = Transform3D(-0.987184, 0, 0.159586, 0, 1, 0, -0.159586, 0, -0.987184, -4.96143, 0, -99.0346)
script = ExtResource("8_tereu")
platform_scenes = Array[PackedScene]([ExtResource("12_wlxy5"), ExtResource("13_3v7ru"), ExtResource("22_2yde8")])
randomize_in_editor = true

[node name="@Node3D@28923" type="Node3D" parent="Level" instance=ExtResource("7_6iypd")]
transform = Transform3D(-0.377049, 0, 0.926193, 0, 1, 0, -0.926193, 0, -0.377049, -7.29386, 0, -105.045)
script = ExtResource("8_tereu")
platform_scenes = Array[PackedScene]([ExtResource("9_cdqbm"), ExtResource("10_imku0"), ExtResource("19_obt1j"), ExtResource("9_cdqbm"), ExtResource("10_imku0")])
randomize_in_editor = true

[node name="@Node3D@28925" type="Node3D" parent="Level" instance=ExtResource("7_6iypd")]
transform = Transform3D(-0.759145, 0, -0.650921, 0, 1, 0, 0.650921, 0, -0.759145, -6.4711, 0, -112.162)
script = ExtResource("8_tereu")
platform_scenes = Array[PackedScene]([ExtResource("9_cdqbm"), ExtResource("10_imku0"), ExtResource("19_obt1j"), ExtResource("9_cdqbm"), ExtResource("10_imku0")])
randomize_in_editor = true

[node name="@Node3D@28927" type="Node3D" parent="Level" instance=ExtResource("7_6iypd")]
transform = Transform3D(-0.894523, 0, -0.447021, 0, 1, 0, 0.447021, 0, -0.894523, -4.91818, 0, -117.553)
script = ExtResource("8_tereu")
platform_scenes = Array[PackedScene]([ExtResource("9_cdqbm"), ExtResource("10_imku0"), ExtResource("19_obt1j"), ExtResource("9_cdqbm"), ExtResource("10_imku0")])
randomize_in_editor = true

[node name="@Node3D@28929" type="Node3D" parent="Level" instance=ExtResource("7_6iypd")]
transform = Transform3D(0.991978, 0, 0.126409, 0, 1, 0, -0.126409, 0, 0.991978, -7.42984, 0, -124.313)
script = ExtResource("8_tereu")
platform_scenes = Array[PackedScene]([ExtResource("9_cdqbm"), ExtResource("10_imku0"), ExtResource("19_obt1j"), ExtResource("9_cdqbm"), ExtResource("10_imku0")])
randomize_in_editor = true

[node name="@Node3D@28931" type="Node3D" parent="Level" instance=ExtResource("11_imku0")]
transform = Transform3D(0.0974261, 0, -0.995243, 0, 1, 0, 0.995243, 0, 0.0974261, -8.03077, 0, -127.25)
script = ExtResource("8_tereu")
platform_scenes = Array[PackedScene]([ExtResource("12_wlxy5"), ExtResource("13_3v7ru"), ExtResource("22_2yde8")])
randomize_in_editor = true

[node name="@Node3D@28933" type="Node3D" parent="Level" instance=ExtResource("7_6iypd")]
transform = Transform3D(-0.0286613, 0, 0.999589, 0, 1, 0, -0.999589, 0, -0.0286613, -3.74802, 0, -123.336)
script = ExtResource("8_tereu")
platform_scenes = Array[PackedScene]([ExtResource("9_cdqbm"), ExtResource("10_imku0"), ExtResource("19_obt1j"), ExtResource("9_cdqbm"), ExtResource("10_imku0")])
randomize_in_editor = true

[node name="@Node3D@28935" type="Node3D" parent="Level" instance=ExtResource("7_6iypd")]
transform = Transform3D(-0.643387, 0, 0.765541, 0, 1, 0, -0.765541, 0, -0.643387, -4.42542, 0, -108.165)
script = ExtResource("8_tereu")
platform_scenes = Array[PackedScene]([ExtResource("9_cdqbm"), ExtResource("10_imku0"), ExtResource("19_obt1j"), ExtResource("9_cdqbm"), ExtResource("10_imku0")])
randomize_in_editor = true

[node name="@Node3D@28937" type="Node3D" parent="Level" instance=ExtResource("11_imku0")]
transform = Transform3D(0.230828, 0, 0.972995, 0, 1, 0, -0.972995, 0, 0.230828, -2.05684, 0, -56.8388)
script = ExtResource("8_tereu")
platform_scenes = Array[PackedScene]([ExtResource("12_wlxy5"), ExtResource("13_3v7ru"), ExtResource("22_2yde8")])
randomize_in_editor = true

[node name="@Node3D@28939" type="Node3D" parent="Level" instance=ExtResource("7_6iypd")]
transform = Transform3D(0.599262, 0, 0.800553, 0, 1, 0, -0.800553, 0, 0.599262, -1.07245, 0, -60.2114)
script = ExtResource("8_tereu")
platform_scenes = Array[PackedScene]([ExtResource("9_cdqbm"), ExtResource("10_imku0"), ExtResource("19_obt1j"), ExtResource("9_cdqbm"), ExtResource("10_imku0")])
randomize_in_editor = true

[node name="@Node3D@28941" type="Node3D" parent="Level" instance=ExtResource("17_nu31w")]
transform = Transform3D(0.2365, 0, 0.971631, 0, 1, 0, -0.971631, 0, 0.2365, -2.77039, 0, -63.9312)
script = ExtResource("8_tereu")
platform_scenes = Array[PackedScene]([ExtResource("18_obt1j")])
randomize_in_editor = true

[node name="@Node3D@28943" type="Node3D" parent="Level" instance=ExtResource("7_6iypd")]
transform = Transform3D(-0.785617, 0, -0.618713, 0, 1, 0, 0.618713, 0, -0.785617, -4.62449, 0, -68.0324)
script = ExtResource("8_tereu")
platform_scenes = Array[PackedScene]([ExtResource("9_cdqbm"), ExtResource("10_imku0"), ExtResource("19_obt1j"), ExtResource("9_cdqbm"), ExtResource("10_imku0")])
randomize_in_editor = true

[node name="@Node3D@28945" type="Node3D" parent="Level" instance=ExtResource("17_nu31w")]
transform = Transform3D(-0.220142, 0, -0.975468, 0, 1, 0, 0.975468, 0, -0.220142, -5.61061, 0, -73.5787)
script = ExtResource("8_tereu")
platform_scenes = Array[PackedScene]([ExtResource("18_obt1j")])
randomize_in_editor = true

[node name="@Node3D@28947" type="Node3D" parent="Level" instance=ExtResource("7_6iypd")]
transform = Transform3D(-0.408045, 0, 0.912962, 0, 1, 0, -0.912962, 0, -0.408045, -3.28792, 0, -78.456)
script = ExtResource("8_tereu")
platform_scenes = Array[PackedScene]([ExtResource("9_cdqbm"), ExtResource("10_imku0"), ExtResource("19_obt1j"), ExtResource("9_cdqbm"), ExtResource("10_imku0")])
randomize_in_editor = true

[node name="@Node3D@28949" type="Node3D" parent="Level" instance=ExtResource("11_imku0")]
transform = Transform3D(0.455495, 0, 0.890238, 0, 1, 0, -0.890238, 0, 0.455495, -4.36973, 0, -41.6855)
script = ExtResource("8_tereu")
platform_scenes = Array[PackedScene]([ExtResource("12_wlxy5"), ExtResource("13_3v7ru"), ExtResource("22_2yde8")])
randomize_in_editor = true

[node name="@Node3D@28951" type="Node3D" parent="Level" instance=ExtResource("7_6iypd")]
transform = Transform3D(0.287213, 0, 0.957867, 0, 1, 0, -0.957867, 0, 0.287213, -4.584, 0, -44.2617)
script = ExtResource("8_tereu")
platform_scenes = Array[PackedScene]([ExtResource("9_cdqbm"), ExtResource("10_imku0"), ExtResource("19_obt1j"), ExtResource("9_cdqbm"), ExtResource("10_imku0")])
randomize_in_editor = true

[node name="@Node3D@28953" type="Node3D" parent="Level" instance=ExtResource("7_6iypd")]
transform = Transform3D(-0.106968, 0, -0.994262, 0, 1, 0, 0.994262, 0, -0.106968, -0.922704, 0, -48.799)
script = ExtResource("8_tereu")
platform_scenes = Array[PackedScene]([ExtResource("9_cdqbm"), ExtResource("10_imku0"), ExtResource("19_obt1j"), ExtResource("9_cdqbm"), ExtResource("10_imku0")])
randomize_in_editor = true

[node name="@Node3D@28955" type="Node3D" parent="Level" instance=ExtResource("7_6iypd")]
transform = Transform3D(0.399826, 0, 0.916591, 0, 1, 0, -0.916591, 0, 0.399826, -2.5255, 0, -52.9201)
script = ExtResource("8_tereu")
platform_scenes = Array[PackedScene]([ExtResource("9_cdqbm"), ExtResource("10_imku0"), ExtResource("19_obt1j"), ExtResource("9_cdqbm"), ExtResource("10_imku0")])
randomize_in_editor = true

[node name="@Node3D@28957" type="Node3D" parent="Level" instance=ExtResource("17_nu31w")]
transform = Transform3D(-0.794995, 0, 0.606615, 0, 1, 0, -0.606615, 0, -0.794995, -5.17082, 0, -49.1875)
script = ExtResource("8_tereu")
platform_scenes = Array[PackedScene]([ExtResource("18_obt1j")])
randomize_in_editor = true

[node name="@Node3D@28959" type="Node3D" parent="Level" instance=ExtResource("7_6iypd")]
transform = Transform3D(-0.894729, 0, -0.44661, 0, 1, 0, 0.44661, 0, -0.894729, 2.97959, 0, -25.407)
script = ExtResource("8_tereu")
platform_scenes = Array[PackedScene]([ExtResource("9_cdqbm"), ExtResource("10_imku0"), ExtResource("19_obt1j"), ExtResource("9_cdqbm"), ExtResource("10_imku0")])
randomize_in_editor = true

[node name="@Node3D@28961" type="Node3D" parent="Level" instance=ExtResource("7_6iypd")]
transform = Transform3D(-0.954092, 0, -0.299514, 0, 1, 0, 0.299514, 0, -0.954092, 1.40745, 0, -30.3547)
script = ExtResource("8_tereu")
platform_scenes = Array[PackedScene]([ExtResource("9_cdqbm"), ExtResource("10_imku0"), ExtResource("19_obt1j"), ExtResource("9_cdqbm"), ExtResource("10_imku0")])
randomize_in_editor = true

[node name="@Node3D@28963" type="Node3D" parent="Level" instance=ExtResource("11_imku0")]
transform = Transform3D(-0.679422, 0, -0.733747, 0, 1, 0, 0.733747, 0, -0.679422, 0.733711, 0, -33.8467)
script = ExtResource("8_tereu")
platform_scenes = Array[PackedScene]([ExtResource("12_wlxy5"), ExtResource("13_3v7ru"), ExtResource("22_2yde8")])
randomize_in_editor = true

