[gd_scene load_steps=34 format=3 uid="uid://3f7k8dolqfhh"]

[ext_resource type="PackedScene" uid="uid://g4tbrr3sfui2" path="res://player.tscn" id="1_a202f"]
[ext_resource type="Script" uid="uid://b85s3xfg6xv8i" path="res://game_manager.gd" id="1_tereu"]
[ext_resource type="FontFile" uid="uid://decj3qo5pg26d" path="res://kirifont/KiriFont.otf" id="2_cdqbm"]
[ext_resource type="LabelSettings" uid="uid://b32jxxg8k3j45" path="res://custom.tres" id="2_tereu"]
[ext_resource type="LabelSettings" uid="uid://c2fbmgdggtmr8" path="res://leaderboard.tres" id="4_imku0"]
[ext_resource type="PackedScene" uid="uid://o6nh6fno5b0d" path="res://level/level.tscn" id="6_i5arm"]
[ext_resource type="PackedScene" uid="uid://berc3ktdu00jq" path="res://water_grid.tscn" id="6_jsk3o"]
[ext_resource type="PackedScene" uid="uid://cloxm7yrf3dau" path="res://player4.tscn" id="6_vxd74"]
[ext_resource type="PackedScene" uid="uid://6kx5nm2ecru" path="res://items/generators/items.tscn" id="6_wc5p8"]
[ext_resource type="PackedScene" uid="uid://bgowpuve5rom4" path="res://level/1x1/1x1.tscn" id="7_6iypd"]
[ext_resource type="PackedScene" uid="uid://cwjt7a54ooioq" path="res://player3.tscn" id="7_dhlwf"]
[ext_resource type="PackedScene" uid="uid://oa4gk1w85htb" path="res://kill_zone.tscn" id="7_wc5p8"]
[ext_resource type="PackedScene" uid="uid://685x3hhuvr5l" path="res://player2.tscn" id="8_5t8nk"]
[ext_resource type="Script" uid="uid://4ohwjxvwlf14" path="res://scripts/random_platform.gd" id="8_tereu"]
[ext_resource type="PackedScene" uid="uid://bau54xbcyquty" path="res://goal.tscn" id="9_4arys"]
[ext_resource type="PackedScene" uid="uid://evotmterwgic" path="res://level/1x1/0.tscn" id="9_cdqbm"]
[ext_resource type="PackedScene" uid="uid://bq3jgcl0fepk2" path="res://level/1x1/1.tscn" id="10_imku0"]
[ext_resource type="PackedScene" uid="uid://bct2vsr7ymxi4" path="res://level/2x2/2x2.tscn" id="11_imku0"]
[ext_resource type="PackedScene" uid="uid://l2l3mvvrqhsu" path="res://level/2x2/0.tscn" id="12_wlxy5"]
[ext_resource type="PackedScene" uid="uid://da3dp6rlapf65" path="res://level/2x2/1.tscn" id="13_3v7ru"]
[ext_resource type="PackedScene" uid="uid://ck51bdne8ldwv" path="res://island.tscn" id="14_wlxy5"]
[ext_resource type="PackedScene" uid="uid://bpulflnw0vw5l" path="res://level/2x1/2x1.tscn" id="17_nu31w"]
[ext_resource type="PackedScene" uid="uid://dviuybxhwu1ho" path="res://level/2x1/0.tscn" id="18_obt1j"]
[ext_resource type="PackedScene" uid="uid://gof5kolddo3a" path="res://level/1x1/2.tscn" id="19_obt1j"]
[ext_resource type="PackedScene" uid="uid://bsmlem37lo4th" path="res://level/2x2/2.tscn" id="22_2yde8"]
[ext_resource type="PackedScene" uid="uid://csmc4dfieimjx" path="res://meshes/Startplatform/Startingplatform.tscn" id="24_dhlwf"]
[ext_resource type="PackedScene" uid="uid://b5bxwo0db64jg" path="res://meshes/Chest/chest.glb" id="24_nu31w"]

[sub_resource type="LabelSettings" id="LabelSettings_cdqbm"]
font = ExtResource("2_cdqbm")
font_size = 300
outline_size = 40
outline_color = Color(0, 0, 0, 1)

[sub_resource type="StyleBoxFlat" id="StyleBoxFlat_cdqbm"]
bg_color = Color(7.52043e-08, 0.0590926, 0.150703, 0.411765)

[sub_resource type="ProceduralSkyMaterial" id="ProceduralSkyMaterial_noarx"]

[sub_resource type="Sky" id="Sky_noarx"]
sky_material = SubResource("ProceduralSkyMaterial_noarx")

[sub_resource type="Environment" id="Environment_a0tk4"]
background_mode = 2
background_energy_multiplier = 2.5
sky = SubResource("Sky_noarx")

[sub_resource type="CameraAttributesPractical" id="CameraAttributesPractical_noarx"]

[node name="Game" type="Node3D"]

[node name="GameManager" type="Node" parent="."]
script = ExtResource("1_tereu")

[node name="CanvasLayer" type="CanvasLayer" parent="GameManager"]
layer = 100

[node name="SharedLabel" type="Label" parent="GameManager/CanvasLayer"]
custom_minimum_size = Vector2(400, 400)
anchors_preset = 8
anchor_left = 0.5
anchor_top = 0.5
anchor_right = 0.5
anchor_bottom = 0.5
offset_left = -960.0
offset_top = -540.0
offset_right = 960.0
offset_bottom = 540.0
grow_horizontal = 2
grow_vertical = 2
pivot_offset = Vector2(960, 540)
size_flags_vertical = 1
theme_override_font_sizes/font_size = 50
label_settings = ExtResource("2_tereu")
horizontal_alignment = 1
vertical_alignment = 1
autowrap_mode = 2
metadata/_edit_use_anchors_ = true

[node name="SharedLabel2" type="Label" parent="GameManager/CanvasLayer"]
custom_minimum_size = Vector2(2000, 1200)
anchors_preset = 8
anchor_left = 0.5
anchor_top = 0.5
anchor_right = 0.5
anchor_bottom = 0.5
offset_left = -1000.0
offset_top = -600.0
offset_right = 1000.0
offset_bottom = 600.0
grow_horizontal = 2
grow_vertical = 2
size_flags_vertical = 1
text = " "
label_settings = SubResource("LabelSettings_cdqbm")
horizontal_alignment = 1
vertical_alignment = 1
autowrap_mode = 2
metadata/_edit_use_anchors_ = true

[node name="opacity" type="Panel" parent="GameManager/CanvasLayer"]
visible = false
anchors_preset = 15
anchor_right = 1.0
anchor_bottom = 1.0
grow_horizontal = 2
grow_vertical = 2
size_flags_horizontal = 4
size_flags_vertical = 4
theme_override_styles/panel = SubResource("StyleBoxFlat_cdqbm")

[node name="Leaderboard" type="Panel" parent="GameManager/CanvasLayer/opacity"]
custom_minimum_size = Vector2(500, 500)
layout_mode = 1
anchors_preset = 8
anchor_left = 0.5
anchor_top = 0.5
anchor_right = 0.5
anchor_bottom = 0.5
offset_left = -250.0
offset_top = -250.0
offset_right = 250.0
offset_bottom = 250.0
grow_horizontal = 2
grow_vertical = 2

[node name="VBoxContainer" type="VBoxContainer" parent="GameManager/CanvasLayer/opacity/Leaderboard"]
layout_mode = 1
anchors_preset = 15
anchor_right = 1.0
anchor_bottom = 1.0
grow_horizontal = 2
grow_vertical = 2
theme_override_constants/separation = 20

[node name="Score1st" type="Label" parent="GameManager/CanvasLayer/opacity/Leaderboard/VBoxContainer"]
custom_minimum_size = Vector2(100, 100)
layout_mode = 2
size_flags_vertical = 3
label_settings = ExtResource("4_imku0")
horizontal_alignment = 1
vertical_alignment = 1
autowrap_mode = 2

[node name="Score2nd" type="Label" parent="GameManager/CanvasLayer/opacity/Leaderboard/VBoxContainer"]
custom_minimum_size = Vector2(100, 100)
layout_mode = 2
size_flags_vertical = 3
label_settings = ExtResource("4_imku0")
horizontal_alignment = 1
vertical_alignment = 1
autowrap_mode = 2

[node name="Score3rd" type="Label" parent="GameManager/CanvasLayer/opacity/Leaderboard/VBoxContainer"]
custom_minimum_size = Vector2(100, 100)
layout_mode = 2
size_flags_vertical = 3
label_settings = ExtResource("4_imku0")
horizontal_alignment = 1
vertical_alignment = 1
autowrap_mode = 2

[node name="Score4th" type="Label" parent="GameManager/CanvasLayer/opacity/Leaderboard/VBoxContainer"]
custom_minimum_size = Vector2(100, 100)
layout_mode = 2
size_flags_vertical = 3
label_settings = ExtResource("4_imku0")
horizontal_alignment = 1
vertical_alignment = 1
autowrap_mode = 2

[node name="Leaderboard2" type="Panel" parent="GameManager/CanvasLayer/opacity"]
visible = false
custom_minimum_size = Vector2(1000, 150)
layout_mode = 1
anchors_preset = 8
anchor_left = 0.5
anchor_top = 0.5
anchor_right = 0.5
anchor_bottom = 0.5
offset_left = -500.0
offset_top = 140.0
offset_right = 500.0
offset_bottom = 290.0
grow_horizontal = 2
grow_vertical = 2

[node name="MarginContainer" type="MarginContainer" parent="GameManager/CanvasLayer/opacity/Leaderboard2"]
layout_mode = 1
anchors_preset = 15
anchor_right = 1.0
anchor_bottom = 1.0
grow_horizontal = 2
grow_vertical = 2
theme_override_constants/margin_left = 30
theme_override_constants/margin_top = 30
theme_override_constants/margin_right = 30
theme_override_constants/margin_bottom = 30

[node name="HBoxContainer" type="HBoxContainer" parent="GameManager/CanvasLayer/opacity/Leaderboard2/MarginContainer"]
custom_minimum_size = Vector2(1000, 0)
layout_mode = 2
theme_override_constants/separation = 100

[node name="Options" type="Button" parent="GameManager/CanvasLayer/opacity/Leaderboard2/MarginContainer/HBoxContainer"]
layout_mode = 2
size_flags_horizontal = 3
size_flags_vertical = 3
theme_override_fonts/font = ExtResource("2_cdqbm")
theme_override_font_sizes/font_size = 50
text = "Options"

[node name="StartGame" type="Button" parent="GameManager/CanvasLayer/opacity/Leaderboard2/MarginContainer/HBoxContainer"]
layout_mode = 2
size_flags_horizontal = 3
size_flags_vertical = 3
theme_override_fonts/font = ExtResource("2_cdqbm")
theme_override_font_sizes/font_size = 50
text = "Restart"

[node name="Quit" type="Button" parent="GameManager/CanvasLayer/opacity/Leaderboard2/MarginContainer/HBoxContainer"]
layout_mode = 2
size_flags_horizontal = 3
size_flags_vertical = 3
theme_override_fonts/font = ExtResource("2_cdqbm")
theme_override_font_sizes/font_size = 50
text = "quit"

[node name="DirectionalLight3D" type="DirectionalLight3D" parent="."]
transform = Transform3D(-0.534213, -0.815404, -0.223011, -0.284691, -0.0748638, 0.955692, -0.79597, 0.574032, -0.192145, -4.2404, 11.0469, -3.46405)
shadow_enabled = true

[node name="WorldEnvironment" type="WorldEnvironment" parent="."]
environment = SubResource("Environment_a0tk4")
camera_attributes = SubResource("CameraAttributesPractical_noarx")

[node name="GridContainer" type="GridContainer" parent="."]
anchors_preset = 15
anchor_right = 1.0
anchor_bottom = 1.0
grow_horizontal = 2
grow_vertical = 2
columns = 2

[node name="SubViewportContainer" type="SubViewportContainer" parent="GridContainer"]
layout_mode = 2
size_flags_horizontal = 3
size_flags_vertical = 3
stretch = true

[node name="SubViewport" type="SubViewport" parent="GridContainer/SubViewportContainer"]
handle_input_locally = false
size = Vector2i(958, 538)
render_target_update_mode = 4

[node name="Player" parent="GridContainer/SubViewportContainer/SubViewport" instance=ExtResource("1_a202f")]
transform = Transform3D(1, 0, 0, 0, 1, 0, 0, 0, 1, 0, 10, 0)
axis_lock_angular_y = true

[node name="IconTexture" type="TextureRect" parent="GridContainer/SubViewportContainer/SubViewport/Player"]
offset_right = 150.0
offset_bottom = 150.0
expand_mode = 1

[node name="PointsLabel" type="Label" parent="GridContainer/SubViewportContainer/SubViewport/Player"]
anchors_preset = 2
anchor_top = 1.0
anchor_bottom = 1.0
offset_top = -23.0
offset_right = 79.0
grow_vertical = 0

[node name="MarginContainer" type="MarginContainer" parent="GridContainer/SubViewportContainer/SubViewport/Player"]
visible = false
offset_left = 20.0
offset_top = 20.0
offset_right = 60.0
offset_bottom = 61.0

[node name="CurrItemLabel" type="Label" parent="GridContainer/SubViewportContainer/SubViewport/Player/MarginContainer"]
layout_mode = 2

[node name="SubViewportContainer2" type="SubViewportContainer" parent="GridContainer"]
layout_mode = 2
size_flags_horizontal = 3
size_flags_vertical = 3
stretch = true

[node name="SubViewport" type="SubViewport" parent="GridContainer/SubViewportContainer2"]
handle_input_locally = false
size = Vector2i(958, 538)
render_target_update_mode = 4

[node name="Player2" parent="GridContainer/SubViewportContainer2/SubViewport" instance=ExtResource("8_5t8nk")]
transform = Transform3D(1, 0, 0, 0, 1, 0, 0, 0, 1, 2.5, 10, 0)
visible = false

[node name="PointsLabel" type="Label" parent="GridContainer/SubViewportContainer2/SubViewport/Player2"]
anchors_preset = 3
anchor_left = 1.0
anchor_top = 1.0
anchor_right = 1.0
anchor_bottom = 1.0
offset_left = -79.0
offset_top = -41.0
grow_horizontal = 0
grow_vertical = 0

[node name="MarginContainer" type="MarginContainer" parent="GridContainer/SubViewportContainer2/SubViewport/Player2"]
visible = false
anchors_preset = 1
anchor_left = 1.0
anchor_right = 1.0
offset_left = -40.0
offset_bottom = 41.0
grow_horizontal = 0

[node name="CurrItemLabel" type="Label" parent="GridContainer/SubViewportContainer2/SubViewport/Player2/MarginContainer"]
layout_mode = 2

[node name="IconTexture" type="TextureRect" parent="GridContainer/SubViewportContainer2/SubViewport/Player2"]
anchors_preset = 1
anchor_left = 1.0
anchor_right = 1.0
offset_left = -150.0
offset_bottom = 150.0
grow_horizontal = 0
expand_mode = 1

[node name="SubViewportContainer3" type="SubViewportContainer" parent="GridContainer"]
layout_mode = 2
size_flags_horizontal = 3
size_flags_vertical = 3
stretch = true

[node name="SubViewport" type="SubViewport" parent="GridContainer/SubViewportContainer3"]
handle_input_locally = false
size = Vector2i(958, 538)
render_target_update_mode = 4

[node name="Player3" parent="GridContainer/SubViewportContainer3/SubViewport" instance=ExtResource("7_dhlwf")]
transform = Transform3D(1, 0, 0, 0, 1, 0, 0, 0, 1, 5, 10, 0)
visible = false

[node name="IconTexture" type="TextureRect" parent="GridContainer/SubViewportContainer3/SubViewport/Player3"]
anchors_preset = 2
anchor_top = 1.0
anchor_bottom = 1.0
offset_top = -150.0
offset_right = 150.0
grow_vertical = 0
expand_mode = 1

[node name="PointsLabel" type="Label" parent="GridContainer/SubViewportContainer3/SubViewport/Player3"]
anchors_preset = 2
anchor_top = 1.0
anchor_bottom = 1.0
offset_top = -41.0
offset_right = 79.0
grow_vertical = 0

[node name="MarginContainer" type="MarginContainer" parent="GridContainer/SubViewportContainer3/SubViewport/Player3"]
visible = false
anchors_preset = 2
anchor_top = 1.0
anchor_bottom = 1.0
offset_top = -41.0
offset_right = 40.0
grow_vertical = 0

[node name="CurrItemLabel" type="Label" parent="GridContainer/SubViewportContainer3/SubViewport/Player3/MarginContainer"]
layout_mode = 2

[node name="SubViewportContainer4" type="SubViewportContainer" parent="GridContainer"]
layout_mode = 2
size_flags_horizontal = 3
size_flags_vertical = 3
stretch = true

[node name="SubViewport" type="SubViewport" parent="GridContainer/SubViewportContainer4"]
handle_input_locally = false
size = Vector2i(958, 538)
render_target_update_mode = 4

[node name="Player4" parent="GridContainer/SubViewportContainer4/SubViewport" instance=ExtResource("6_vxd74")]
transform = Transform3D(1, 0, 0, 0, 1, 0, 0, 0, 1, 7.5, 10, 0)
visible = false

[node name="IconTexture" type="TextureRect" parent="GridContainer/SubViewportContainer4/SubViewport/Player4"]
anchors_preset = 3
anchor_left = 1.0
anchor_top = 1.0
anchor_right = 1.0
anchor_bottom = 1.0
offset_left = -150.0
offset_top = -150.0
grow_horizontal = 0
grow_vertical = 0
expand_mode = 1

[node name="PointsLabel" type="Label" parent="GridContainer/SubViewportContainer4/SubViewport/Player4"]
anchors_preset = 3
anchor_left = 1.0
anchor_top = 1.0
anchor_right = 1.0
anchor_bottom = 1.0
offset_left = -79.0
offset_top = -41.0
grow_horizontal = 0
grow_vertical = 0

[node name="MarginContainer" type="MarginContainer" parent="GridContainer/SubViewportContainer4/SubViewport/Player4"]
visible = false
anchors_preset = 3
anchor_left = 1.0
anchor_top = 1.0
anchor_right = 1.0
anchor_bottom = 1.0
offset_left = -40.0
offset_top = -41.0
grow_horizontal = 0
grow_vertical = 0

[node name="CurrItemLabel" type="Label" parent="GridContainer/SubViewportContainer4/SubViewport/Player4/MarginContainer"]
layout_mode = 2

[node name="Items" parent="." instance=ExtResource("6_wc5p8")]

[node name="Level" parent="." instance=ExtResource("6_i5arm")]

[node name="Node3D" type="Node3D" parent="Level" instance=ExtResource("11_imku0")]
transform = Transform3D(-0.0430451, 0, -0.999073, 0, 1, 0, 0.999073, 0, -0.0430451, 0, 0, 0)
script = ExtResource("8_tereu")
platform_scenes = Array[PackedScene]([ExtResource("12_wlxy5"), ExtResource("13_3v7ru"), ExtResource("22_2yde8")])
randomize_in_editor = true

[node name="@Node3D@59079" type="Node3D" parent="Level" instance=ExtResource("17_nu31w")]
transform = Transform3D(-0.806667, 0, 0.591006, 0, 1, 0, -0.591006, 0, -0.806667, -1.87415, 0, -2.41142)
script = ExtResource("8_tereu")
platform_scenes = Array[PackedScene]([ExtResource("18_obt1j")])
randomize_in_editor = true

[node name="@Node3D@59081" type="Node3D" parent="Level" instance=ExtResource("11_imku0")]
transform = Transform3D(0.870275, 0, -0.492567, 0, 1, 0, 0.492567, 0, 0.870275, -3.22892, 0, -7.18262)
script = ExtResource("8_tereu")
platform_scenes = Array[PackedScene]([ExtResource("12_wlxy5"), ExtResource("13_3v7ru"), ExtResource("22_2yde8")])
randomize_in_editor = true

[node name="@Node3D@59083" type="Node3D" parent="Level" instance=ExtResource("7_6iypd")]
transform = Transform3D(-0.892366, 0, -0.451313, 0, 1, 0, 0.451313, 0, -0.892366, -5.62354, 0, -11.2702)
script = ExtResource("8_tereu")
platform_scenes = Array[PackedScene]([ExtResource("9_cdqbm"), ExtResource("10_imku0"), ExtResource("19_obt1j"), ExtResource("9_cdqbm"), ExtResource("10_imku0")])
randomize_in_editor = true

[node name="@Node3D@59085" type="Node3D" parent="Level" instance=ExtResource("11_imku0")]
transform = Transform3D(0.0404164, 0, 0.999183, 0, 1, 0, -0.999183, 0, 0.0404164, -7.14036, 0, -13.7896)
script = ExtResource("8_tereu")
platform_scenes = Array[PackedScene]([ExtResource("12_wlxy5"), ExtResource("13_3v7ru"), ExtResource("22_2yde8")])
randomize_in_editor = true

[node name="@Node3D@59087" type="Node3D" parent="Level" instance=ExtResource("11_imku0")]
transform = Transform3D(-0.392487, 0, 0.919757, 0, 1, 0, -0.919757, 0, -0.392487, -10.3893, 0, -19.8862)
script = ExtResource("8_tereu")
platform_scenes = Array[PackedScene]([ExtResource("12_wlxy5"), ExtResource("13_3v7ru"), ExtResource("22_2yde8")])
randomize_in_editor = true

[node name="@Node3D@59089" type="Node3D" parent="Level" instance=ExtResource("7_6iypd")]
transform = Transform3D(-0.137153, 0, -0.99055, 0, 1, 0, 0.99055, 0, -0.137153, -11.0516, 0, -24.8409)
script = ExtResource("8_tereu")
platform_scenes = Array[PackedScene]([ExtResource("9_cdqbm"), ExtResource("10_imku0"), ExtResource("19_obt1j"), ExtResource("9_cdqbm"), ExtResource("10_imku0")])
randomize_in_editor = true

[node name="@Node3D@59091" type="Node3D" parent="Level" instance=ExtResource("17_nu31w")]
transform = Transform3D(0.740105, 0, -0.672491, 0, 1, 0, 0.672491, 0, 0.740105, -9.31592, 0, -28.5262)
script = ExtResource("8_tereu")
platform_scenes = Array[PackedScene]([ExtResource("18_obt1j")])
randomize_in_editor = true

[node name="@Node3D@59093" type="Node3D" parent="Level" instance=ExtResource("11_imku0")]
transform = Transform3D(0.410223, 0, -0.911985, 0, 1, 0, 0.911985, 0, 0.410223, -7.01806, 0, -35.3231)
script = ExtResource("8_tereu")
platform_scenes = Array[PackedScene]([ExtResource("12_wlxy5"), ExtResource("13_3v7ru"), ExtResource("22_2yde8")])
randomize_in_editor = true

[node name="@Node3D@59095" type="Node3D" parent="Level" instance=ExtResource("7_6iypd")]
transform = Transform3D(-0.561126, 0, -0.82773, 0, 1, 0, 0.82773, 0, -0.561126, -10.2405, 0, -39.6296)
script = ExtResource("8_tereu")
platform_scenes = Array[PackedScene]([ExtResource("9_cdqbm"), ExtResource("10_imku0"), ExtResource("19_obt1j"), ExtResource("9_cdqbm"), ExtResource("10_imku0")])
randomize_in_editor = true

[node name="@Node3D@59097" type="Node3D" parent="Level" instance=ExtResource("11_imku0")]
transform = Transform3D(-0.429929, 0, -0.902863, 0, 1, 0, 0.902863, 0, -0.429929, -8.78193, 0, -42.9087)
script = ExtResource("8_tereu")
platform_scenes = Array[PackedScene]([ExtResource("12_wlxy5"), ExtResource("13_3v7ru"), ExtResource("22_2yde8")])
randomize_in_editor = true

[node name="@Node3D@59099" type="Node3D" parent="Level" instance=ExtResource("11_imku0")]
transform = Transform3D(0.558637, 0, -0.829413, 0, 1, 0, 0.829413, 0, 0.558637, -10.1554, 0, -48.3276)
script = ExtResource("8_tereu")
platform_scenes = Array[PackedScene]([ExtResource("12_wlxy5"), ExtResource("13_3v7ru"), ExtResource("22_2yde8")])
randomize_in_editor = true

[node name="@Node3D@59101" type="Node3D" parent="Level" instance=ExtResource("7_6iypd")]
transform = Transform3D(0.418084, 0, -0.908408, 0, 1, 0, 0.908408, 0, 0.418084, -9.5397, 0, -51.2373)
script = ExtResource("8_tereu")
platform_scenes = Array[PackedScene]([ExtResource("9_cdqbm"), ExtResource("10_imku0"), ExtResource("19_obt1j"), ExtResource("9_cdqbm"), ExtResource("10_imku0")])
randomize_in_editor = true

[node name="@Node3D@59103" type="Node3D" parent="Level" instance=ExtResource("7_6iypd")]
transform = Transform3D(-0.856129, 0, -0.516762, 0, 1, 0, 0.516762, 0, -0.856129, -11.0522, 0, -54.1079)
script = ExtResource("8_tereu")
platform_scenes = Array[PackedScene]([ExtResource("9_cdqbm"), ExtResource("10_imku0"), ExtResource("19_obt1j"), ExtResource("9_cdqbm"), ExtResource("10_imku0")])
randomize_in_editor = true

[node name="@Node3D@59105" type="Node3D" parent="Level" instance=ExtResource("11_imku0")]
transform = Transform3D(-0.999839, 0, -0.0179151, 0, 1, 0, 0.0179151, 0, -0.999839, -6.33487, 0, -59.0467)
script = ExtResource("8_tereu")
platform_scenes = Array[PackedScene]([ExtResource("12_wlxy5"), ExtResource("13_3v7ru"), ExtResource("22_2yde8")])
randomize_in_editor = true

[node name="@Node3D@59107" type="Node3D" parent="Level" instance=ExtResource("7_6iypd")]
transform = Transform3D(0.868356, 0, -0.495941, 0, 1, 0, 0.495941, 0, 0.868356, -6.93464, 0, -62.8292)
script = ExtResource("8_tereu")
platform_scenes = Array[PackedScene]([ExtResource("9_cdqbm"), ExtResource("10_imku0"), ExtResource("19_obt1j"), ExtResource("9_cdqbm"), ExtResource("10_imku0")])
randomize_in_editor = true

[node name="@Node3D@59109" type="Node3D" parent="Level" instance=ExtResource("11_imku0")]
transform = Transform3D(-0.624574, 0, 0.780966, 0, 1, 0, -0.780966, 0, -0.624574, -4.07055, 0, -68.4529)
script = ExtResource("8_tereu")
platform_scenes = Array[PackedScene]([ExtResource("12_wlxy5"), ExtResource("13_3v7ru"), ExtResource("22_2yde8")])
randomize_in_editor = true

[node name="@Node3D@59111" type="Node3D" parent="Level" instance=ExtResource("17_nu31w")]
transform = Transform3D(0.957342, 0, 0.288956, 0, 1, 0, -0.288956, 0, 0.957342, -1.15667, 0, -71.7596)
script = ExtResource("8_tereu")
platform_scenes = Array[PackedScene]([ExtResource("18_obt1j")])
randomize_in_editor = true

[node name="@Node3D@59113" type="Node3D" parent="Level" instance=ExtResource("7_6iypd")]
transform = Transform3D(-0.981984, 0, 0.188964, 0, 1, 0, -0.188964, 0, -0.981984, 0.175218, 0, -77.3815)
script = ExtResource("8_tereu")
platform_scenes = Array[PackedScene]([ExtResource("9_cdqbm"), ExtResource("10_imku0"), ExtResource("19_obt1j"), ExtResource("9_cdqbm"), ExtResource("10_imku0")])
randomize_in_editor = true

[node name="@Node3D@59115" type="Node3D" parent="Level" instance=ExtResource("7_6iypd")]
transform = Transform3D(-0.273232, 0, -0.961948, 0, 1, 0, 0.961948, 0, -0.273232, -0.185364, 0, -80.1838)
script = ExtResource("8_tereu")
platform_scenes = Array[PackedScene]([ExtResource("9_cdqbm"), ExtResource("10_imku0"), ExtResource("19_obt1j"), ExtResource("9_cdqbm"), ExtResource("10_imku0")])
randomize_in_editor = true

[node name="@Node3D@59117" type="Node3D" parent="Level" instance=ExtResource("11_imku0")]
transform = Transform3D(-0.832901, 0, -0.553422, 0, 1, 0, 0.553422, 0, -0.832901, 3.29664, 0, -83.8506)
script = ExtResource("8_tereu")
platform_scenes = Array[PackedScene]([ExtResource("12_wlxy5"), ExtResource("13_3v7ru"), ExtResource("22_2yde8")])
randomize_in_editor = true

[node name="@Node3D@59119" type="Node3D" parent="Level" instance=ExtResource("17_nu31w")]
transform = Transform3D(0.846039, 0, -0.533121, 0, 1, 0, 0.533121, 0, 0.846039, 6.58685, 0, -88.2472)
script = ExtResource("8_tereu")
platform_scenes = Array[PackedScene]([ExtResource("18_obt1j")])
randomize_in_editor = true

[node name="@Node3D@59121" type="Node3D" parent="Level" instance=ExtResource("11_imku0")]
transform = Transform3D(0.840413, 0, 0.541947, 0, 1, 0, -0.541947, 0, 0.840413, 5.39369, 0, -91.5456)
script = ExtResource("8_tereu")
platform_scenes = Array[PackedScene]([ExtResource("12_wlxy5"), ExtResource("13_3v7ru"), ExtResource("22_2yde8")])
randomize_in_editor = true

[node name="@Node3D@59123" type="Node3D" parent="Level" instance=ExtResource("7_6iypd")]
transform = Transform3D(-0.0539931, 0, 0.998541, 0, 1, 0, -0.998541, 0, -0.0539931, 4.46784, 0, -94.7354)
script = ExtResource("8_tereu")
platform_scenes = Array[PackedScene]([ExtResource("9_cdqbm"), ExtResource("10_imku0"), ExtResource("19_obt1j"), ExtResource("9_cdqbm"), ExtResource("10_imku0")])
randomize_in_editor = true

[node name="@Node3D@59125" type="Node3D" parent="Level" instance=ExtResource("7_6iypd")]
transform = Transform3D(0.986647, 0, -0.162875, 0, 1, 0, 0.162875, 0, 0.986647, 3.05633, 0, -97.4526)
script = ExtResource("8_tereu")
platform_scenes = Array[PackedScene]([ExtResource("9_cdqbm"), ExtResource("10_imku0"), ExtResource("19_obt1j"), ExtResource("9_cdqbm"), ExtResource("10_imku0")])
randomize_in_editor = true

[node name="@Node3D@59127" type="Node3D" parent="Level" instance=ExtResource("11_imku0")]
transform = Transform3D(0.63993, 0, -0.768433, 0, 1, 0, 0.768433, 0, 0.63993, 6.20558, 0, -102.479)
script = ExtResource("8_tereu")
platform_scenes = Array[PackedScene]([ExtResource("12_wlxy5"), ExtResource("13_3v7ru"), ExtResource("22_2yde8")])
randomize_in_editor = true

[node name="@Node3D@59129" type="Node3D" parent="Level" instance=ExtResource("17_nu31w")]
transform = Transform3D(-0.936529, 0, -0.350589, 0, 1, 0, 0.350589, 0, -0.936529, 6.28823, 0, -108.983)
script = ExtResource("8_tereu")
platform_scenes = Array[PackedScene]([ExtResource("18_obt1j")])
randomize_in_editor = true

[node name="@Node3D@59131" type="Node3D" parent="Level" instance=ExtResource("11_imku0")]
transform = Transform3D(-0.422632, 0, -0.906302, 0, 1, 0, 0.906302, 0, -0.422632, 8.05251, 0, -111.508)
script = ExtResource("8_tereu")
platform_scenes = Array[PackedScene]([ExtResource("12_wlxy5"), ExtResource("13_3v7ru"), ExtResource("22_2yde8")])
randomize_in_editor = true

[node name="@Node3D@59133" type="Node3D" parent="Level" instance=ExtResource("17_nu31w")]
transform = Transform3D(0.0484406, 0, -0.998826, 0, 1, 0, 0.998826, 0, 0.0484406, 7.29841, 0, -116.789)
script = ExtResource("8_tereu")
platform_scenes = Array[PackedScene]([ExtResource("18_obt1j")])
randomize_in_editor = true

[node name="@Node3D@59135" type="Node3D" parent="Level" instance=ExtResource("7_6iypd")]
transform = Transform3D(0.425434, 0, -0.904989, 0, 1, 0, 0.904989, 0, 0.425434, 6.86812, 0, -123.547)
script = ExtResource("8_tereu")
platform_scenes = Array[PackedScene]([ExtResource("9_cdqbm"), ExtResource("10_imku0"), ExtResource("19_obt1j"), ExtResource("9_cdqbm"), ExtResource("10_imku0")])
randomize_in_editor = true

[node name="@Node3D@59137" type="Node3D" parent="Level" instance=ExtResource("11_imku0")]
transform = Transform3D(-0.380512, 0, -0.924776, 0, 1, 0, 0.924776, 0, -0.380512, 7.57079, 0, -125.987)
script = ExtResource("8_tereu")
platform_scenes = Array[PackedScene]([ExtResource("12_wlxy5"), ExtResource("13_3v7ru"), ExtResource("22_2yde8")])
randomize_in_editor = true

[node name="@Node3D@59139" type="Node3D" parent="Level" instance=ExtResource("7_6iypd")]
transform = Transform3D(0.0855619, 0, -0.996333, 0, 1, 0, 0.996333, 0, 0.0855619, 8.33395, 0, -95.6504)
script = ExtResource("8_tereu")
platform_scenes = Array[PackedScene]([ExtResource("9_cdqbm"), ExtResource("10_imku0"), ExtResource("19_obt1j"), ExtResource("9_cdqbm"), ExtResource("10_imku0")])
randomize_in_editor = true

[node name="@Node3D@59141" type="Node3D" parent="Level" instance=ExtResource("11_imku0")]
transform = Transform3D(-0.081742, 0, -0.996653, 0, 1, 0, 0.996653, 0, -0.081742, 10.9498, 0, -102.217)
script = ExtResource("8_tereu")
platform_scenes = Array[PackedScene]([ExtResource("12_wlxy5"), ExtResource("13_3v7ru"), ExtResource("22_2yde8")])
randomize_in_editor = true

[node name="@Node3D@59143" type="Node3D" parent="Level" instance=ExtResource("17_nu31w")]
transform = Transform3D(-0.96977, 0, -0.244021, 0, 1, 0, 0.244021, 0, -0.96977, 8.81267, 0, -107.944)
script = ExtResource("8_tereu")
platform_scenes = Array[PackedScene]([ExtResource("18_obt1j")])
randomize_in_editor = true

[node name="@Node3D@59145" type="Node3D" parent="Level" instance=ExtResource("11_imku0")]
transform = Transform3D(-0.244215, 0, 0.969721, 0, 1, 0, -0.969721, 0, -0.244215, 8.31904, 0, -91.8055)
script = ExtResource("8_tereu")
platform_scenes = Array[PackedScene]([ExtResource("12_wlxy5"), ExtResource("13_3v7ru"), ExtResource("22_2yde8")])
randomize_in_editor = true

[node name="@Node3D@59147" type="Node3D" parent="Level" instance=ExtResource("7_6iypd")]
transform = Transform3D(-0.123649, 0, -0.992326, 0, 1, 0, 0.992326, 0, -0.123649, -5.91717, 0, -71.7613)
script = ExtResource("8_tereu")
platform_scenes = Array[PackedScene]([ExtResource("9_cdqbm"), ExtResource("10_imku0"), ExtResource("19_obt1j"), ExtResource("9_cdqbm"), ExtResource("10_imku0")])
randomize_in_editor = true

[node name="@Node3D@59149" type="Node3D" parent="Level" instance=ExtResource("7_6iypd")]
transform = Transform3D(0.403532, 0, -0.914966, 0, 1, 0, 0.914966, 0, 0.403532, -7.19238, 0, -75.6117)
script = ExtResource("8_tereu")
platform_scenes = Array[PackedScene]([ExtResource("9_cdqbm"), ExtResource("10_imku0"), ExtResource("19_obt1j"), ExtResource("9_cdqbm"), ExtResource("10_imku0")])
randomize_in_editor = true

[node name="@Node3D@59151" type="Node3D" parent="Level" instance=ExtResource("17_nu31w")]
transform = Transform3D(0.211392, 0, -0.977401, 0, 1, 0, 0.977401, 0, 0.211392, -5.24448, 0, -78.2692)
script = ExtResource("8_tereu")
platform_scenes = Array[PackedScene]([ExtResource("18_obt1j")])
randomize_in_editor = true

[node name="@Node3D@59153" type="Node3D" parent="Level" instance=ExtResource("11_imku0")]
transform = Transform3D(0.954668, 0, 0.297672, 0, 1, 0, -0.297672, 0, 0.954668, -7.69985, 0, -80.8566)
script = ExtResource("8_tereu")
platform_scenes = Array[PackedScene]([ExtResource("12_wlxy5"), ExtResource("13_3v7ru"), ExtResource("22_2yde8")])
randomize_in_editor = true

[node name="@Node3D@59155" type="Node3D" parent="Level" instance=ExtResource("17_nu31w")]
transform = Transform3D(-0.743962, 0, -0.668222, 0, 1, 0, 0.668222, 0, -0.743962, -9.5926, 0, -84.5585)
script = ExtResource("8_tereu")
platform_scenes = Array[PackedScene]([ExtResource("18_obt1j")])
randomize_in_editor = true

[node name="@Node3D@59157" type="Node3D" parent="Level" instance=ExtResource("7_6iypd")]
transform = Transform3D(-0.887473, 0, -0.460859, 0, 1, 0, 0.460859, 0, -0.887473, -10.2581, 0, -88.1182)
script = ExtResource("8_tereu")
platform_scenes = Array[PackedScene]([ExtResource("9_cdqbm"), ExtResource("10_imku0"), ExtResource("19_obt1j"), ExtResource("9_cdqbm"), ExtResource("10_imku0")])
randomize_in_editor = true

[node name="@Node3D@59159" type="Node3D" parent="Level" instance=ExtResource("11_imku0")]
transform = Transform3D(-0.795385, 0, 0.606104, 0, 1, 0, -0.606104, 0, -0.795385, -8.42995, 0, -91.0659)
script = ExtResource("8_tereu")
platform_scenes = Array[PackedScene]([ExtResource("12_wlxy5"), ExtResource("13_3v7ru"), ExtResource("22_2yde8")])
randomize_in_editor = true

[node name="@Node3D@59161" type="Node3D" parent="Level" instance=ExtResource("7_6iypd")]
transform = Transform3D(-0.23029, 0, -0.973122, 0, 1, 0, 0.973122, 0, -0.23029, -7.3068, 0, -93.8816)
script = ExtResource("8_tereu")
platform_scenes = Array[PackedScene]([ExtResource("9_cdqbm"), ExtResource("10_imku0"), ExtResource("19_obt1j"), ExtResource("9_cdqbm"), ExtResource("10_imku0")])
randomize_in_editor = true

[node name="@Node3D@59163" type="Node3D" parent="Level" instance=ExtResource("17_nu31w")]
transform = Transform3D(-0.951748, 0, 0.306881, 0, 1, 0, -0.306881, 0, -0.951748, -11.1898, 0, -99.5205)
script = ExtResource("8_tereu")
platform_scenes = Array[PackedScene]([ExtResource("18_obt1j")])
randomize_in_editor = true

[node name="@Node3D@59165" type="Node3D" parent="Level" instance=ExtResource("17_nu31w")]
transform = Transform3D(0.431747, 0, 0.901995, 0, 1, 0, -0.901995, 0, 0.431747, -7.59847, 0, -105.694)
script = ExtResource("8_tereu")
platform_scenes = Array[PackedScene]([ExtResource("18_obt1j")])
randomize_in_editor = true

[node name="@Node3D@59167" type="Node3D" parent="Level" instance=ExtResource("11_imku0")]
transform = Transform3D(0.913622, 0, -0.406565, 0, 1, 0, 0.406565, 0, 0.913622, -10.0163, 0, -109.589)
script = ExtResource("8_tereu")
platform_scenes = Array[PackedScene]([ExtResource("12_wlxy5"), ExtResource("13_3v7ru"), ExtResource("22_2yde8")])
randomize_in_editor = true

[node name="@Node3D@59169" type="Node3D" parent="Level" instance=ExtResource("11_imku0")]
transform = Transform3D(0.241804, 0, -0.970325, 0, 1, 0, 0.970325, 0, 0.241804, -7.27594, 0, -115.258)
script = ExtResource("8_tereu")
platform_scenes = Array[PackedScene]([ExtResource("12_wlxy5"), ExtResource("13_3v7ru"), ExtResource("22_2yde8")])
randomize_in_editor = true

[node name="@Node3D@59171" type="Node3D" parent="Level" instance=ExtResource("7_6iypd")]
transform = Transform3D(0.880459, 0, 0.474123, 0, 1, 0, -0.474123, 0, 0.880459, -9.19537, 0, -118.335)
script = ExtResource("8_tereu")
platform_scenes = Array[PackedScene]([ExtResource("9_cdqbm"), ExtResource("10_imku0"), ExtResource("19_obt1j"), ExtResource("9_cdqbm"), ExtResource("10_imku0")])
randomize_in_editor = true

[node name="@Node3D@59173" type="Node3D" parent="Level" instance=ExtResource("7_6iypd")]
transform = Transform3D(0.530788, 0, -0.847505, 0, 1, 0, 0.847505, 0, 0.530788, -7.91601, 0, -123.606)
script = ExtResource("8_tereu")
platform_scenes = Array[PackedScene]([ExtResource("9_cdqbm"), ExtResource("10_imku0"), ExtResource("19_obt1j"), ExtResource("9_cdqbm"), ExtResource("10_imku0")])
randomize_in_editor = true

[node name="@Node3D@59175" type="Node3D" parent="Level" instance=ExtResource("11_imku0")]
transform = Transform3D(-0.269943, 0, 0.962876, 0, 1, 0, -0.962876, 0, -0.269943, -6.6513, 0, -126.571)
script = ExtResource("8_tereu")
platform_scenes = Array[PackedScene]([ExtResource("12_wlxy5"), ExtResource("13_3v7ru"), ExtResource("22_2yde8")])
randomize_in_editor = true

[node name="@Node3D@59177" type="Node3D" parent="Level" instance=ExtResource("11_imku0")]
transform = Transform3D(-0.689902, 0, -0.723903, 0, 1, 0, 0.723903, 0, -0.689902, -7.97759, 0, -98.5058)
script = ExtResource("8_tereu")
platform_scenes = Array[PackedScene]([ExtResource("12_wlxy5"), ExtResource("13_3v7ru"), ExtResource("22_2yde8")])
randomize_in_editor = true

[node name="@Node3D@59179" type="Node3D" parent="Level" instance=ExtResource("11_imku0")]
transform = Transform3D(0.832988, 0, 0.55329, 0, 1, 0, -0.55329, 0, 0.832988, -10.9671, 0, -102.191)
script = ExtResource("8_tereu")
platform_scenes = Array[PackedScene]([ExtResource("12_wlxy5"), ExtResource("13_3v7ru"), ExtResource("22_2yde8")])
randomize_in_editor = true

[node name="@Node3D@59181" type="Node3D" parent="Level" instance=ExtResource("7_6iypd")]
transform = Transform3D(-0.441914, 0, 0.897058, 0, 1, 0, -0.897058, 0, -0.441914, -10.7645, 0, -93.7384)
script = ExtResource("8_tereu")
platform_scenes = Array[PackedScene]([ExtResource("9_cdqbm"), ExtResource("10_imku0"), ExtResource("19_obt1j"), ExtResource("9_cdqbm"), ExtResource("10_imku0")])
randomize_in_editor = true

[node name="@Node3D@59183" type="Node3D" parent="Level" instance=ExtResource("7_6iypd")]
transform = Transform3D(-0.97954, 0, 0.201252, 0, 1, 0, -0.201252, 0, -0.97954, -5.73884, 0, -86.1105)
script = ExtResource("8_tereu")
platform_scenes = Array[PackedScene]([ExtResource("9_cdqbm"), ExtResource("10_imku0"), ExtResource("19_obt1j"), ExtResource("9_cdqbm"), ExtResource("10_imku0")])
randomize_in_editor = true

[node name="@Node3D@59185" type="Node3D" parent="Level" instance=ExtResource("11_imku0")]
transform = Transform3D(-0.385783, 0, 0.922589, 0, 1, 0, -0.922589, 0, -0.385783, -3.28131, 0, -91.6333)
script = ExtResource("8_tereu")
platform_scenes = Array[PackedScene]([ExtResource("12_wlxy5"), ExtResource("13_3v7ru"), ExtResource("22_2yde8")])
randomize_in_editor = true

[node name="@Node3D@59187" type="Node3D" parent="Level" instance=ExtResource("17_nu31w")]
transform = Transform3D(0.936016, 0, 0.351958, 0, 1, 0, -0.351958, 0, 0.936016, -0.466117, 0, -96.444)
script = ExtResource("8_tereu")
platform_scenes = Array[PackedScene]([ExtResource("18_obt1j")])
randomize_in_editor = true

[node name="@Node3D@59189" type="Node3D" parent="Level" instance=ExtResource("7_6iypd")]
transform = Transform3D(-0.275719, 0, 0.961238, 0, 1, 0, -0.961238, 0, -0.275719, 0.227391, 0, -102.008)
script = ExtResource("8_tereu")
platform_scenes = Array[PackedScene]([ExtResource("9_cdqbm"), ExtResource("10_imku0"), ExtResource("19_obt1j"), ExtResource("9_cdqbm"), ExtResource("10_imku0")])
randomize_in_editor = true

[node name="@Node3D@59191" type="Node3D" parent="Level" instance=ExtResource("11_imku0")]
transform = Transform3D(0.642028, 0, 0.766681, 0, 1, 0, -0.766681, 0, 0.642028, 2.30043, 0, -105.219)
script = ExtResource("8_tereu")
platform_scenes = Array[PackedScene]([ExtResource("12_wlxy5"), ExtResource("13_3v7ru"), ExtResource("22_2yde8")])
randomize_in_editor = true

[node name="@Node3D@59193" type="Node3D" parent="Level" instance=ExtResource("17_nu31w")]
transform = Transform3D(-0.266997, 0, -0.963697, 0, 1, 0, 0.963697, 0, -0.266997, 4.4722, 0, -111.372)
script = ExtResource("8_tereu")
platform_scenes = Array[PackedScene]([ExtResource("18_obt1j")])
randomize_in_editor = true

[node name="@Node3D@59195" type="Node3D" parent="Level" instance=ExtResource("17_nu31w")]
transform = Transform3D(0.705906, 0, 0.708306, 0, 1, 0, -0.708306, 0, 0.705906, 2.42478, 0, -118.043)
script = ExtResource("8_tereu")
platform_scenes = Array[PackedScene]([ExtResource("18_obt1j")])
randomize_in_editor = true

[node name="@Node3D@59197" type="Node3D" parent="Level" instance=ExtResource("7_6iypd")]
transform = Transform3D(0.536758, 0, -0.843736, 0, 1, 0, 0.843736, 0, 0.536758, -0.329715, 0, -122.463)
script = ExtResource("8_tereu")
platform_scenes = Array[PackedScene]([ExtResource("9_cdqbm"), ExtResource("10_imku0"), ExtResource("19_obt1j"), ExtResource("9_cdqbm"), ExtResource("10_imku0")])
randomize_in_editor = true

[node name="@Node3D@59199" type="Node3D" parent="Level" instance=ExtResource("11_imku0")]
transform = Transform3D(0.553971, 0, 0.832536, 0, 1, 0, -0.832536, 0, 0.553971, -3.2278, 0, -125.66)
script = ExtResource("8_tereu")
platform_scenes = Array[PackedScene]([ExtResource("12_wlxy5"), ExtResource("13_3v7ru"), ExtResource("22_2yde8")])
randomize_in_editor = true

[node name="@Node3D@59201" type="Node3D" parent="Level" instance=ExtResource("11_imku0")]
transform = Transform3D(0.508852, 0, -0.860854, 0, 1, 0, 0.860854, 0, 0.508852, 0.665394, 0, -124.835)
script = ExtResource("8_tereu")
platform_scenes = Array[PackedScene]([ExtResource("12_wlxy5"), ExtResource("13_3v7ru"), ExtResource("22_2yde8")])
randomize_in_editor = true

[node name="@Node3D@59203" type="Node3D" parent="Level" instance=ExtResource("7_6iypd")]
transform = Transform3D(0.53319, 0, 0.845995, 0, 1, 0, -0.845995, 0, 0.53319, -0.0729836, 0, -127.968)
script = ExtResource("8_tereu")
platform_scenes = Array[PackedScene]([ExtResource("9_cdqbm"), ExtResource("10_imku0"), ExtResource("19_obt1j"), ExtResource("9_cdqbm"), ExtResource("10_imku0")])
randomize_in_editor = true

[node name="@Node3D@59205" type="Node3D" parent="Level" instance=ExtResource("11_imku0")]
transform = Transform3D(0.504899, 0, -0.863179, 0, 1, 0, 0.863179, 0, 0.504899, -2.07629, 0, -98.775)
script = ExtResource("8_tereu")
platform_scenes = Array[PackedScene]([ExtResource("12_wlxy5"), ExtResource("13_3v7ru"), ExtResource("22_2yde8")])
randomize_in_editor = true

[node name="@Node3D@59207" type="Node3D" parent="Level" instance=ExtResource("7_6iypd")]
transform = Transform3D(0.0104654, 0, -0.999945, 0, 1, 0, 0.999945, 0, 0.0104654, -1.62623, 0, -93.7346)
script = ExtResource("8_tereu")
platform_scenes = Array[PackedScene]([ExtResource("9_cdqbm"), ExtResource("10_imku0"), ExtResource("19_obt1j"), ExtResource("9_cdqbm"), ExtResource("10_imku0")])
randomize_in_editor = true

[node name="@Node3D@59209" type="Node3D" parent="Level" instance=ExtResource("11_imku0")]
transform = Transform3D(0.986704, 0, 0.162528, 0, 1, 0, -0.162528, 0, 0.986704, -1.96339, 0, -14.4362)
