[gd_scene load_steps=33 format=3 uid="uid://3f7k8dolqfhh"]

[ext_resource type="PackedScene" uid="uid://g4tbrr3sfui2" path="res://player.tscn" id="1_a202f"]
[ext_resource type="Script" uid="uid://b85s3xfg6xv8i" path="res://game_manager.gd" id="1_tereu"]
[ext_resource type="FontFile" uid="uid://decj3qo5pg26d" path="res://kirifont/KiriFont.otf" id="2_cdqbm"]
[ext_resource type="LabelSettings" uid="uid://b32jxxg8k3j45" path="res://custom.tres" id="2_tereu"]
[ext_resource type="LabelSettings" uid="uid://c2fbmgdggtmr8" path="res://leaderboard.tres" id="4_imku0"]
[ext_resource type="PackedScene" uid="uid://o6nh6fno5b0d" path="res://level/level.tscn" id="6_i5arm"]
[ext_resource type="PackedScene" uid="uid://berc3ktdu00jq" path="res://water_grid.tscn" id="6_jsk3o"]
[ext_resource type="PackedScene" uid="uid://cloxm7yrf3dau" path="res://player4.tscn" id="6_vxd74"]
[ext_resource type="PackedScene" uid="uid://6kx5nm2ecru" path="res://items/generators/items.tscn" id="6_wc5p8"]
[ext_resource type="PackedScene" uid="uid://bgowpuve5rom4" path="res://level/1x1/1x1.tscn" id="7_6iypd"]
[ext_resource type="PackedScene" uid="uid://cwjt7a54ooioq" path="res://player3.tscn" id="7_dhlwf"]
[ext_resource type="PackedScene" uid="uid://oa4gk1w85htb" path="res://kill_zone.tscn" id="7_wc5p8"]
[ext_resource type="PackedScene" uid="uid://685x3hhuvr5l" path="res://player2.tscn" id="8_5t8nk"]
[ext_resource type="Script" uid="uid://4ohwjxvwlf14" path="res://scripts/random_platform.gd" id="8_tereu"]
[ext_resource type="PackedScene" uid="uid://bau54xbcyquty" path="res://goal.tscn" id="9_4arys"]
[ext_resource type="PackedScene" uid="uid://evotmterwgic" path="res://level/1x1/0.tscn" id="9_cdqbm"]
[ext_resource type="PackedScene" uid="uid://bq3jgcl0fepk2" path="res://level/1x1/1.tscn" id="10_imku0"]
[ext_resource type="PackedScene" uid="uid://bct2vsr7ymxi4" path="res://level/2x2/2x2.tscn" id="11_imku0"]
[ext_resource type="PackedScene" uid="uid://l2l3mvvrqhsu" path="res://level/2x2/0.tscn" id="12_wlxy5"]
[ext_resource type="PackedScene" uid="uid://da3dp6rlapf65" path="res://level/2x2/1.tscn" id="13_3v7ru"]
[ext_resource type="PackedScene" uid="uid://ck51bdne8ldwv" path="res://island.tscn" id="14_wlxy5"]
[ext_resource type="PackedScene" uid="uid://bpulflnw0vw5l" path="res://level/2x1/2x1.tscn" id="17_nu31w"]
[ext_resource type="PackedScene" uid="uid://dviuybxhwu1ho" path="res://level/2x1/0.tscn" id="18_obt1j"]
[ext_resource type="PackedScene" uid="uid://gof5kolddo3a" path="res://level/1x1/2.tscn" id="19_obt1j"]
[ext_resource type="PackedScene" uid="uid://bsmlem37lo4th" path="res://level/2x2/2.tscn" id="22_2yde8"]
[ext_resource type="PackedScene" uid="uid://csmc4dfieimjx" path="res://meshes/Startplatform/Startingplatform.tscn" id="24_dhlwf"]

[sub_resource type="LabelSettings" id="LabelSettings_cdqbm"]
font = ExtResource("2_cdqbm")
font_size = 300
outline_size = 40
outline_color = Color(0, 0, 0, 1)

[sub_resource type="StyleBoxFlat" id="StyleBoxFlat_cdqbm"]
bg_color = Color(7.52043e-08, 0.0590926, 0.150703, 0.411765)

[sub_resource type="ProceduralSkyMaterial" id="ProceduralSkyMaterial_noarx"]

[sub_resource type="Sky" id="Sky_noarx"]
sky_material = SubResource("ProceduralSkyMaterial_noarx")

[sub_resource type="Environment" id="Environment_a0tk4"]
background_mode = 2
background_energy_multiplier = 2.5
sky = SubResource("Sky_noarx")

[sub_resource type="CameraAttributesPractical" id="CameraAttributesPractical_noarx"]

[node name="Game" type="Node3D"]

[node name="GameManager" type="Node" parent="."]
script = ExtResource("1_tereu")

[node name="CanvasLayer" type="CanvasLayer" parent="GameManager"]
layer = 100

[node name="SharedLabel" type="Label" parent="GameManager/CanvasLayer"]
custom_minimum_size = Vector2(400, 400)
anchors_preset = 8
anchor_left = 0.5
anchor_top = 0.5
anchor_right = 0.5
anchor_bottom = 0.5
offset_left = -960.0
offset_top = -540.0
offset_right = 960.0
offset_bottom = 540.0
grow_horizontal = 2
grow_vertical = 2
pivot_offset = Vector2(960, 540)
size_flags_vertical = 1
theme_override_font_sizes/font_size = 50
label_settings = ExtResource("2_tereu")
horizontal_alignment = 1
vertical_alignment = 1
autowrap_mode = 2
metadata/_edit_use_anchors_ = true

[node name="SharedLabel2" type="Label" parent="GameManager/CanvasLayer"]
custom_minimum_size = Vector2(2000, 1200)
anchors_preset = 8
anchor_left = 0.5
anchor_top = 0.5
anchor_right = 0.5
anchor_bottom = 0.5
offset_left = -1000.0
offset_top = -600.0
offset_right = 1000.0
offset_bottom = 600.0
grow_horizontal = 2
grow_vertical = 2
size_flags_vertical = 1
text = " "
label_settings = SubResource("LabelSettings_cdqbm")
horizontal_alignment = 1
vertical_alignment = 1
autowrap_mode = 2
metadata/_edit_use_anchors_ = true

[node name="opacity" type="Panel" parent="GameManager/CanvasLayer"]
visible = false
anchors_preset = 15
anchor_right = 1.0
anchor_bottom = 1.0
grow_horizontal = 2
grow_vertical = 2
size_flags_horizontal = 4
size_flags_vertical = 4
theme_override_styles/panel = SubResource("StyleBoxFlat_cdqbm")

[node name="Leaderboard" type="Panel" parent="GameManager/CanvasLayer/opacity"]
custom_minimum_size = Vector2(500, 500)
layout_mode = 1
anchors_preset = 8
anchor_left = 0.5
anchor_top = 0.5
anchor_right = 0.5
anchor_bottom = 0.5
offset_left = -250.0
offset_top = -250.0
offset_right = 250.0
offset_bottom = 250.0
grow_horizontal = 2
grow_vertical = 2

[node name="VBoxContainer" type="VBoxContainer" parent="GameManager/CanvasLayer/opacity/Leaderboard"]
layout_mode = 1
anchors_preset = 15
anchor_right = 1.0
anchor_bottom = 1.0
grow_horizontal = 2
grow_vertical = 2
theme_override_constants/separation = 20

[node name="Score1st" type="Label" parent="GameManager/CanvasLayer/opacity/Leaderboard/VBoxContainer"]
custom_minimum_size = Vector2(100, 100)
layout_mode = 2
size_flags_vertical = 3
label_settings = ExtResource("4_imku0")
horizontal_alignment = 1
vertical_alignment = 1
autowrap_mode = 2

[node name="Score2nd" type="Label" parent="GameManager/CanvasLayer/opacity/Leaderboard/VBoxContainer"]
custom_minimum_size = Vector2(100, 100)
layout_mode = 2
size_flags_vertical = 3
label_settings = ExtResource("4_imku0")
horizontal_alignment = 1
vertical_alignment = 1
autowrap_mode = 2

[node name="Score3rd" type="Label" parent="GameManager/CanvasLayer/opacity/Leaderboard/VBoxContainer"]
custom_minimum_size = Vector2(100, 100)
layout_mode = 2
size_flags_vertical = 3
label_settings = ExtResource("4_imku0")
horizontal_alignment = 1
vertical_alignment = 1
autowrap_mode = 2

[node name="Score4th" type="Label" parent="GameManager/CanvasLayer/opacity/Leaderboard/VBoxContainer"]
custom_minimum_size = Vector2(100, 100)
layout_mode = 2
size_flags_vertical = 3
label_settings = ExtResource("4_imku0")
horizontal_alignment = 1
vertical_alignment = 1
autowrap_mode = 2

[node name="Leaderboard2" type="Panel" parent="GameManager/CanvasLayer/opacity"]
visible = false
custom_minimum_size = Vector2(1000, 150)
layout_mode = 1
anchors_preset = 8
anchor_left = 0.5
anchor_top = 0.5
anchor_right = 0.5
anchor_bottom = 0.5
offset_left = -500.0
offset_top = 140.0
offset_right = 500.0
offset_bottom = 290.0
grow_horizontal = 2
grow_vertical = 2

[node name="MarginContainer" type="MarginContainer" parent="GameManager/CanvasLayer/opacity/Leaderboard2"]
layout_mode = 1
anchors_preset = 15
anchor_right = 1.0
anchor_bottom = 1.0
grow_horizontal = 2
grow_vertical = 2
theme_override_constants/margin_left = 30
theme_override_constants/margin_top = 30
theme_override_constants/margin_right = 30
theme_override_constants/margin_bottom = 30

[node name="HBoxContainer" type="HBoxContainer" parent="GameManager/CanvasLayer/opacity/Leaderboard2/MarginContainer"]
custom_minimum_size = Vector2(1000, 0)
layout_mode = 2
theme_override_constants/separation = 100

[node name="Options" type="Button" parent="GameManager/CanvasLayer/opacity/Leaderboard2/MarginContainer/HBoxContainer"]
layout_mode = 2
size_flags_horizontal = 3
size_flags_vertical = 3
theme_override_fonts/font = ExtResource("2_cdqbm")
theme_override_font_sizes/font_size = 50
text = "Options"

[node name="StartGame" type="Button" parent="GameManager/CanvasLayer/opacity/Leaderboard2/MarginContainer/HBoxContainer"]
layout_mode = 2
size_flags_horizontal = 3
size_flags_vertical = 3
theme_override_fonts/font = ExtResource("2_cdqbm")
theme_override_font_sizes/font_size = 50
text = "Restart"

[node name="Quit" type="Button" parent="GameManager/CanvasLayer/opacity/Leaderboard2/MarginContainer/HBoxContainer"]
layout_mode = 2
size_flags_horizontal = 3
size_flags_vertical = 3
theme_override_fonts/font = ExtResource("2_cdqbm")
theme_override_font_sizes/font_size = 50
text = "quit"

[node name="DirectionalLight3D" type="DirectionalLight3D" parent="."]
transform = Transform3D(-0.534213, -0.815404, -0.223011, -0.284691, -0.0748638, 0.955692, -0.79597, 0.574032, -0.192145, -4.2404, 11.0469, -3.46405)
shadow_enabled = true

[node name="WorldEnvironment" type="WorldEnvironment" parent="."]
environment = SubResource("Environment_a0tk4")
camera_attributes = SubResource("CameraAttributesPractical_noarx")

[node name="GridContainer" type="GridContainer" parent="."]
anchors_preset = 15
anchor_right = 1.0
anchor_bottom = 1.0
grow_horizontal = 2
grow_vertical = 2
columns = 2

[node name="SubViewportContainer" type="SubViewportContainer" parent="GridContainer"]
layout_mode = 2
size_flags_horizontal = 3
size_flags_vertical = 3
stretch = true

[node name="SubViewport" type="SubViewport" parent="GridContainer/SubViewportContainer"]
handle_input_locally = false
size = Vector2i(958, 538)
render_target_update_mode = 4

[node name="Player" parent="GridContainer/SubViewportContainer/SubViewport" instance=ExtResource("1_a202f")]
transform = Transform3D(1, 0, 0, 0, 1, 0, 0, 0, 1, 0, 10, 0)
axis_lock_angular_y = true

[node name="IconTexture" type="TextureRect" parent="GridContainer/SubViewportContainer/SubViewport/Player"]
offset_right = 150.0
offset_bottom = 150.0
expand_mode = 1

[node name="PointsLabel" type="Label" parent="GridContainer/SubViewportContainer/SubViewport/Player"]
anchors_preset = 2
anchor_top = 1.0
anchor_bottom = 1.0
offset_top = -23.0
offset_right = 79.0
grow_vertical = 0

[node name="MarginContainer" type="MarginContainer" parent="GridContainer/SubViewportContainer/SubViewport/Player"]
visible = false
offset_left = 20.0
offset_top = 20.0
offset_right = 60.0
offset_bottom = 61.0

[node name="CurrItemLabel" type="Label" parent="GridContainer/SubViewportContainer/SubViewport/Player/MarginContainer"]
layout_mode = 2

[node name="SubViewportContainer2" type="SubViewportContainer" parent="GridContainer"]
layout_mode = 2
size_flags_horizontal = 3
size_flags_vertical = 3
stretch = true

[node name="SubViewport" type="SubViewport" parent="GridContainer/SubViewportContainer2"]
handle_input_locally = false
size = Vector2i(958, 538)
render_target_update_mode = 4

[node name="Player2" parent="GridContainer/SubViewportContainer2/SubViewport" instance=ExtResource("8_5t8nk")]
transform = Transform3D(1, 0, 0, 0, 1, 0, 0, 0, 1, 2.5, 10, 0)

[node name="PointsLabel" type="Label" parent="GridContainer/SubViewportContainer2/SubViewport/Player2"]
anchors_preset = 3
anchor_left = 1.0
anchor_top = 1.0
anchor_right = 1.0
anchor_bottom = 1.0
offset_left = -79.0
offset_top = -41.0
grow_horizontal = 0
grow_vertical = 0

[node name="MarginContainer" type="MarginContainer" parent="GridContainer/SubViewportContainer2/SubViewport/Player2"]
visible = false
anchors_preset = 1
anchor_left = 1.0
anchor_right = 1.0
offset_left = -40.0
offset_bottom = 41.0
grow_horizontal = 0

[node name="CurrItemLabel" type="Label" parent="GridContainer/SubViewportContainer2/SubViewport/Player2/MarginContainer"]
layout_mode = 2

[node name="IconTexture" type="TextureRect" parent="GridContainer/SubViewportContainer2/SubViewport/Player2"]
anchors_preset = 1
anchor_left = 1.0
anchor_right = 1.0
offset_left = -150.0
offset_bottom = 150.0
grow_horizontal = 0
expand_mode = 1

[node name="SubViewportContainer3" type="SubViewportContainer" parent="GridContainer"]
layout_mode = 2
size_flags_horizontal = 3
size_flags_vertical = 3
stretch = true

[node name="SubViewport" type="SubViewport" parent="GridContainer/SubViewportContainer3"]
handle_input_locally = false
size = Vector2i(958, 538)
render_target_update_mode = 4

[node name="Player3" parent="GridContainer/SubViewportContainer3/SubViewport" instance=ExtResource("7_dhlwf")]
transform = Transform3D(1, 0, 0, 0, 1, 0, 0, 0, 1, 5, 10, 0)

[node name="IconTexture" type="TextureRect" parent="GridContainer/SubViewportContainer3/SubViewport/Player3"]
anchors_preset = 2
anchor_top = 1.0
anchor_bottom = 1.0
offset_top = -150.0
offset_right = 150.0
grow_vertical = 0
expand_mode = 1

[node name="PointsLabel" type="Label" parent="GridContainer/SubViewportContainer3/SubViewport/Player3"]
anchors_preset = 2
anchor_top = 1.0
anchor_bottom = 1.0
offset_top = -41.0
offset_right = 79.0
grow_vertical = 0

[node name="MarginContainer" type="MarginContainer" parent="GridContainer/SubViewportContainer3/SubViewport/Player3"]
visible = false
anchors_preset = 2
anchor_top = 1.0
anchor_bottom = 1.0
offset_top = -41.0
offset_right = 40.0
grow_vertical = 0

[node name="CurrItemLabel" type="Label" parent="GridContainer/SubViewportContainer3/SubViewport/Player3/MarginContainer"]
layout_mode = 2

[node name="SubViewportContainer4" type="SubViewportContainer" parent="GridContainer"]
layout_mode = 2
size_flags_horizontal = 3
size_flags_vertical = 3
stretch = true

[node name="SubViewport" type="SubViewport" parent="GridContainer/SubViewportContainer4"]
handle_input_locally = false
size = Vector2i(958, 538)
render_target_update_mode = 4

[node name="Player4" parent="GridContainer/SubViewportContainer4/SubViewport" instance=ExtResource("6_vxd74")]
transform = Transform3D(1, 0, 0, 0, 1, 0, 0, 0, 1, 7.5, 10, 0)

[node name="IconTexture" type="TextureRect" parent="GridContainer/SubViewportContainer4/SubViewport/Player4"]
anchors_preset = 3
anchor_left = 1.0
anchor_top = 1.0
anchor_right = 1.0
anchor_bottom = 1.0
offset_left = -150.0
offset_top = -150.0
grow_horizontal = 0
grow_vertical = 0
expand_mode = 1

[node name="PointsLabel" type="Label" parent="GridContainer/SubViewportContainer4/SubViewport/Player4"]
anchors_preset = 3
anchor_left = 1.0
anchor_top = 1.0
anchor_right = 1.0
anchor_bottom = 1.0
offset_left = -79.0
offset_top = -41.0
grow_horizontal = 0
grow_vertical = 0

[node name="MarginContainer" type="MarginContainer" parent="GridContainer/SubViewportContainer4/SubViewport/Player4"]
visible = false
anchors_preset = 3
anchor_left = 1.0
anchor_top = 1.0
anchor_right = 1.0
anchor_bottom = 1.0
offset_left = -40.0
offset_top = -41.0
grow_horizontal = 0
grow_vertical = 0

[node name="CurrItemLabel" type="Label" parent="GridContainer/SubViewportContainer4/SubViewport/Player4/MarginContainer"]
layout_mode = 2

[node name="Items" parent="." instance=ExtResource("6_wc5p8")]

[node name="Level" parent="." instance=ExtResource("6_i5arm")]

[node name="Node3D" type="Node3D" parent="Level" instance=ExtResource("7_6iypd")]
transform = Transform3D(-0.0788724, 0, 0.996885, 0, 1, 0, -0.996885, 0, -0.0788724, 0, 0, 0)
script = ExtResource("8_tereu")
platform_scenes = Array[PackedScene]([ExtResource("9_cdqbm"), ExtResource("10_imku0"), ExtResource("19_obt1j"), ExtResource("9_cdqbm"), ExtResource("10_imku0"), ExtResource("9_cdqbm")])
randomize_in_editor = true

[node name="@Node3D@81434" type="Node3D" parent="Level" instance=ExtResource("11_imku0")]
transform = Transform3D(-0.211303, 0, 0.977421, 0, 1, 0, -0.977421, 0, -0.211303, 0.584966, 0, -2.61453)
script = ExtResource("8_tereu")
platform_scenes = Array[PackedScene]([ExtResource("12_wlxy5"), ExtResource("13_3v7ru"), ExtResource("22_2yde8")])
randomize_in_editor = true

[node name="@Node3D@81436" type="Node3D" parent="Level" instance=ExtResource("17_nu31w")]
transform = Transform3D(-0.0290991, 0, 0.999577, 0, 1, 0, -0.999577, 0, -0.0290991, 3.23555, 0, -5.52478)
script = ExtResource("8_tereu")
platform_scenes = Array[PackedScene]([ExtResource("18_obt1j")])
randomize_in_editor = true

[node name="@Node3D@81438" type="Node3D" parent="Level" instance=ExtResource("7_6iypd")]
transform = Transform3D(-0.996169, 0, -0.0874522, 0, 1, 0, 0.0874522, 0, -0.996169, 0.66969, 0, -9.03309)
script = ExtResource("8_tereu")
platform_scenes = Array[PackedScene]([ExtResource("9_cdqbm"), ExtResource("10_imku0"), ExtResource("19_obt1j"), ExtResource("9_cdqbm"), ExtResource("10_imku0"), ExtResource("9_cdqbm")])
randomize_in_editor = true

[node name="@Node3D@81440" type="Node3D" parent="Level" instance=ExtResource("17_nu31w")]
transform = Transform3D(-0.654614, 0, -0.755963, 0, 1, 0, 0.755963, 0, -0.654614, 0.968613, 0, -14.0743)
script = ExtResource("8_tereu")
platform_scenes = Array[PackedScene]([ExtResource("18_obt1j")])
randomize_in_editor = true

[node name="@Node3D@81442" type="Node3D" parent="Level" instance=ExtResource("7_6iypd")]
transform = Transform3D(0.440892, 0, 0.89756, 0, 1, 0, -0.89756, 0, 0.440892, 0.634632, 0, -19.6988)
script = ExtResource("8_tereu")
platform_scenes = Array[PackedScene]([ExtResource("9_cdqbm"), ExtResource("10_imku0"), ExtResource("19_obt1j"), ExtResource("9_cdqbm"), ExtResource("10_imku0"), ExtResource("9_cdqbm")])
randomize_in_editor = true

[node name="@Node3D@81444" type="Node3D" parent="Level" instance=ExtResource("17_nu31w")]
transform = Transform3D(-0.831981, 0, -0.554805, 0, 1, 0, 0.554805, 0, -0.831981, 1.20126, 0, -25.8494)
script = ExtResource("8_tereu")
platform_scenes = Array[PackedScene]([ExtResource("18_obt1j")])
randomize_in_editor = true

[node name="@Node3D@81446" type="Node3D" parent="Level" instance=ExtResource("11_imku0")]
transform = Transform3D(0.132228, 0, 0.991219, 0, 1, 0, -0.991219, 0, 0.132228, 0.610039, 0, -32.057)
script = ExtResource("8_tereu")
platform_scenes = Array[PackedScene]([ExtResource("12_wlxy5"), ExtResource("13_3v7ru"), ExtResource("22_2yde8")])
randomize_in_editor = true

[node name="@Node3D@81448" type="Node3D" parent="Level" instance=ExtResource("11_imku0")]
transform = Transform3D(-0.28611, 0, -0.958197, 0, 1, 0, 0.958197, 0, -0.28611, -2.38622, 0, -38.8093)
script = ExtResource("8_tereu")
platform_scenes = Array[PackedScene]([ExtResource("12_wlxy5"), ExtResource("13_3v7ru"), ExtResource("22_2yde8")])
randomize_in_editor = true

[node name="@Node3D@81450" type="Node3D" parent="Level" instance=ExtResource("17_nu31w")]
transform = Transform3D(0.128241, 0, -0.991743, 0, 1, 0, 0.991743, 0, 0.128241, -5.59648, 0, -45.0415)
script = ExtResource("8_tereu")
platform_scenes = Array[PackedScene]([ExtResource("18_obt1j")])
randomize_in_editor = true

[node name="@Node3D@81452" type="Node3D" parent="Level" instance=ExtResource("17_nu31w")]
transform = Transform3D(-0.996545, 0, 0.0830498, 0, 1, 0, -0.0830498, 0, -0.996545, -4.00534, 0, -48.8019)
script = ExtResource("8_tereu")
platform_scenes = Array[PackedScene]([ExtResource("18_obt1j")])
randomize_in_editor = true

[node name="@Node3D@81454" type="Node3D" parent="Level" instance=ExtResource("17_nu31w")]
transform = Transform3D(0.182934, 0, -0.983125, 0, 1, 0, 0.983125, 0, 0.182934, -5.48626, 0, -51.9812)
script = ExtResource("8_tereu")
platform_scenes = Array[PackedScene]([ExtResource("18_obt1j")])
randomize_in_editor = true

[node name="@Node3D@81456" type="Node3D" parent="Level" instance=ExtResource("17_nu31w")]
transform = Transform3D(-0.52396, 0, 0.851743, 0, 1, 0, -0.851743, 0, -0.52396, -3.16557, 0, -55.7315)
script = ExtResource("8_tereu")
platform_scenes = Array[PackedScene]([ExtResource("18_obt1j")])
randomize_in_editor = true

[node name="@Node3D@81458" type="Node3D" parent="Level" instance=ExtResource("11_imku0")]
transform = Transform3D(-0.882228, 0, -0.470823, 0, 1, 0, 0.470823, 0, -0.882228, -2.52981, 0, -62.0718)
script = ExtResource("8_tereu")
platform_scenes = Array[PackedScene]([ExtResource("12_wlxy5"), ExtResource("13_3v7ru"), ExtResource("22_2yde8")])
randomize_in_editor = true

[node name="@Node3D@81460" type="Node3D" parent="Level" instance=ExtResource("11_imku0")]
transform = Transform3D(0.420504, 0, -0.907291, 0, 1, 0, 0.907291, 0, 0.420504, -2.1311, 0, -67.2448)
script = ExtResource("8_tereu")
platform_scenes = Array[PackedScene]([ExtResource("12_wlxy5"), ExtResource("13_3v7ru"), ExtResource("22_2yde8")])
randomize_in_editor = true

[node name="@Node3D@81462" type="Node3D" parent="Level" instance=ExtResource("7_6iypd")]
transform = Transform3D(-0.627656, 0, 0.778491, 0, 1, 0, -0.778491, 0, -0.627656, -2.60397, 0, -70.7013)
script = ExtResource("8_tereu")
platform_scenes = Array[PackedScene]([ExtResource("9_cdqbm"), ExtResource("10_imku0"), ExtResource("19_obt1j"), ExtResource("9_cdqbm"), ExtResource("10_imku0"), ExtResource("9_cdqbm")])
randomize_in_editor = true

[node name="@Node3D@81464" type="Node3D" parent="Level" instance=ExtResource("7_6iypd")]
transform = Transform3D(0.61201, 0, -0.79085, 0, 1, 0, 0.79085, 0, 0.61201, 0.744047, 0, -75.0936)
script = ExtResource("8_tereu")
platform_scenes = Array[PackedScene]([ExtResource("9_cdqbm"), ExtResource("10_imku0"), ExtResource("19_obt1j"), ExtResource("9_cdqbm"), ExtResource("10_imku0"), ExtResource("9_cdqbm")])
randomize_in_editor = true

[node name="@Node3D@81466" type="Node3D" parent="Level" instance=ExtResource("7_6iypd")]
transform = Transform3D(-0.733543, 0, 0.679643, 0, 1, 0, -0.679643, 0, -0.733543, 3.18102, 0, -78.1155)
script = ExtResource("8_tereu")
platform_scenes = Array[PackedScene]([ExtResource("9_cdqbm"), ExtResource("10_imku0"), ExtResource("19_obt1j"), ExtResource("9_cdqbm"), ExtResource("10_imku0"), ExtResource("9_cdqbm")])
randomize_in_editor = true

[node name="@Node3D@81468" type="Node3D" parent="Level" instance=ExtResource("11_imku0")]
transform = Transform3D(0.970586, 0, 0.240755, 0, 1, 0, -0.240755, 0, 0.970586, 0.584519, 0, -84.6265)
script = ExtResource("8_tereu")
platform_scenes = Array[PackedScene]([ExtResource("12_wlxy5"), ExtResource("13_3v7ru"), ExtResource("22_2yde8")])
randomize_in_editor = true

[node name="@Node3D@81470" type="Node3D" parent="Level" instance=ExtResource("11_imku0")]
transform = Transform3D(-0.720377, 0, -0.693583, 0, 1, 0, 0.693583, 0, -0.720377, 2.38058, 0, -87.9267)
script = ExtResource("8_tereu")
platform_scenes = Array[PackedScene]([ExtResource("12_wlxy5"), ExtResource("13_3v7ru"), ExtResource("22_2yde8")])
randomize_in_editor = true

[node name="@Node3D@81472" type="Node3D" parent="Level" instance=ExtResource("11_imku0")]
transform = Transform3D(-0.372635, 0, 0.927978, 0, 1, 0, -0.927978, 0, -0.372635, 4.36287, 0, -91.2912)
script = ExtResource("8_tereu")
platform_scenes = Array[PackedScene]([ExtResource("12_wlxy5"), ExtResource("13_3v7ru"), ExtResource("22_2yde8")])
randomize_in_editor = true

[node name="@Node3D@81474" type="Node3D" parent="Level" instance=ExtResource("7_6iypd")]
transform = Transform3D(0.329149, 0, -0.944278, 0, 1, 0, 0.944278, 0, 0.329149, 0.245093, 0, -95.7876)
script = ExtResource("8_tereu")
platform_scenes = Array[PackedScene]([ExtResource("9_cdqbm"), ExtResource("10_imku0"), ExtResource("19_obt1j"), ExtResource("9_cdqbm"), ExtResource("10_imku0"), ExtResource("9_cdqbm")])
randomize_in_editor = true

[node name="@Node3D@81476" type="Node3D" parent="Level" instance=ExtResource("7_6iypd")]
transform = Transform3D(-0.423565, 0, 0.905866, 0, 1, 0, -0.905866, 0, -0.423565, 1.70964, 0, -99.8769)
script = ExtResource("8_tereu")
platform_scenes = Array[PackedScene]([ExtResource("9_cdqbm"), ExtResource("10_imku0"), ExtResource("19_obt1j"), ExtResource("9_cdqbm"), ExtResource("10_imku0"), ExtResource("9_cdqbm")])
randomize_in_editor = true

[node name="@Node3D@81478" type="Node3D" parent="Level" instance=ExtResource("17_nu31w")]
transform = Transform3D(0.842151, 0, 0.539242, 0, 1, 0, -0.539242, 0, 0.842151, 2.48183, 0, -105.819)
script = ExtResource("8_tereu")
platform_scenes = Array[PackedScene]([ExtResource("18_obt1j")])
randomize_in_editor = true

[node name="@Node3D@81480" type="Node3D" parent="Level" instance=ExtResource("11_imku0")]
transform = Transform3D(0.556702, 0, -0.830712, 0, 1, 0, 0.830712, 0, 0.556702, 0.548095, 0, -110.76)
script = ExtResource("8_tereu")
platform_scenes = Array[PackedScene]([ExtResource("12_wlxy5"), ExtResource("13_3v7ru"), ExtResource("22_2yde8")])
randomize_in_editor = true

[node name="@Node3D@81482" type="Node3D" parent="Level" instance=ExtResource("7_6iypd")]
transform = Transform3D(0.313571, 0, -0.949565, 0, 1, 0, 0.949565, 0, 0.313571, 1.51187, 0, -114.563)
script = ExtResource("8_tereu")
platform_scenes = Array[PackedScene]([ExtResource("9_cdqbm"), ExtResource("10_imku0"), ExtResource("19_obt1j"), ExtResource("9_cdqbm"), ExtResource("10_imku0"), ExtResource("9_cdqbm")])
randomize_in_editor = true

[node name="@Node3D@81484" type="Node3D" parent="Level" instance=ExtResource("17_nu31w")]
transform = Transform3D(0.177991, 0, -0.984032, 0, 1, 0, 0.984032, 0, 0.177991, 2.51415, 0, -117.592)
script = ExtResource("8_tereu")
platform_scenes = Array[PackedScene]([ExtResource("18_obt1j")])
randomize_in_editor = true

[node name="@Node3D@81486" type="Node3D" parent="Level" instance=ExtResource("7_6iypd")]
transform = Transform3D(-0.925899, 0, 0.377771, 0, 1, 0, -0.377771, 0, -0.925899, 6.58511, 0, -122.597)
script = ExtResource("8_tereu")
platform_scenes = Array[PackedScene]([ExtResource("9_cdqbm"), ExtResource("10_imku0"), ExtResource("19_obt1j"), ExtResource("9_cdqbm"), ExtResource("10_imku0"), ExtResource("9_cdqbm")])
randomize_in_editor = true

[node name="@Node3D@81488" type="Node3D" parent="Level" instance=ExtResource("17_nu31w")]
transform = Transform3D(-0.232105, 0, -0.972691, 0, 1, 0, 0.972691, 0, -0.232105, -0.97055, 0, -121.965)
script = ExtResource("8_tereu")
platform_scenes = Array[PackedScene]([ExtResource("18_obt1j")])
randomize_in_editor = true

[node name="@Node3D@81490" type="Node3D" parent="Level" instance=ExtResource("7_6iypd")]
transform = Transform3D(-0.678371, 0, -0.734719, 0, 1, 0, 0.734719, 0, -0.678371, -3.58308, 0, -125.989)
script = ExtResource("8_tereu")
platform_scenes = Array[PackedScene]([ExtResource("9_cdqbm"), ExtResource("10_imku0"), ExtResource("19_obt1j"), ExtResource("9_cdqbm"), ExtResource("10_imku0"), ExtResource("9_cdqbm")])
randomize_in_editor = true

[node name="@Node3D@81492" type="Node3D" parent="Level" instance=ExtResource("11_imku0")]
transform = Transform3D(0.944912, 0, -0.327324, 0, 1, 0, 0.327324, 0, 0.944912, 1.48371, 0, -125.254)
script = ExtResource("8_tereu")
platform_scenes = Array[PackedScene]([ExtResource("12_wlxy5"), ExtResource("13_3v7ru"), ExtResource("22_2yde8")])
randomize_in_editor = true

[node name="@Node3D@81494" type="Node3D" parent="Level" instance=ExtResource("7_6iypd")]
transform = Transform3D(-0.964478, 0, -0.264164, 0, 1, 0, 0.264164, 0, -0.964478, 2.80838, 0, -127.38)
script = ExtResource("8_tereu")
platform_scenes = Array[PackedScene]([ExtResource("9_cdqbm"), ExtResource("10_imku0"), ExtResource("19_obt1j"), ExtResource("9_cdqbm"), ExtResource("10_imku0"), ExtResource("9_cdqbm")])
randomize_in_editor = true

[node name="@Node3D@81496" type="Node3D" parent="Level" instance=ExtResource("7_6iypd")]
transform = Transform3D(-0.699679, 0, 0.714458, 0, 1, 0, -0.714458, 0, -0.699679, -0.643218, 0, -116.741)
script = ExtResource("8_tereu")
platform_scenes = Array[PackedScene]([ExtResource("9_cdqbm"), ExtResource("10_imku0"), ExtResource("19_obt1j"), ExtResource("9_cdqbm"), ExtResource("10_imku0"), ExtResource("9_cdqbm")])
randomize_in_editor = true

[node name="@Node3D@81498" type="Node3D" parent="Level" instance=ExtResource("7_6iypd")]
transform = Transform3D(0.561231, 0, 0.827659, 0, 1, 0, -0.827659, 0, 0.561231, 1.49142, 0, -121.238)
script = ExtResource("8_tereu")
platform_scenes = Array[PackedScene]([ExtResource("9_cdqbm"), ExtResource("10_imku0"), ExtResource("19_obt1j"), ExtResource("9_cdqbm"), ExtResource("10_imku0"), ExtResource("9_cdqbm")])
randomize_in_editor = true

[node name="@Node3D@81500" type="Node3D" parent="Level" instance=ExtResource("17_nu31w")]
transform = Transform3D(0.999548, 0, -0.0300756, 0, 1, 0, 0.0300756, 0, 0.999548, 4.20991, 0, -108.713)
script = ExtResource("8_tereu")
platform_scenes = Array[PackedScene]([ExtResource("18_obt1j")])
randomize_in_editor = true

[node name="@Node3D@81502" type="Node3D" parent="Level" instance=ExtResource("11_imku0")]
transform = Transform3D(0.825672, 0, 0.564151, 0, 1, 0, -0.564151, 0, 0.825672, 3.35726, 0, -112.468)
script = ExtResource("8_tereu")
platform_scenes = Array[PackedScene]([ExtResource("12_wlxy5"), ExtResource("13_3v7ru"), ExtResource("22_2yde8")])
randomize_in_editor = true

[node name="@Node3D@81504" type="Node3D" parent="Level" instance=ExtResource("17_nu31w")]
transform = Transform3D(-0.441016, 0, -0.897499, 0, 1, 0, 0.897499, 0, -0.441016, 5.92827, 0, -93.3232)
script = ExtResource("8_tereu")
platform_scenes = Array[PackedScene]([ExtResource("18_obt1j")])
randomize_in_editor = true

[node name="@Node3D@81506" type="Node3D" parent="Level" instance=ExtResource("7_6iypd")]
transform = Transform3D(0.998273, 0, -0.0587476, 0, 1, 0, 0.0587476, 0, 0.998273, 4.09138, 0, -95.3786)
script = ExtResource("8_tereu")
platform_scenes = Array[PackedScene]([ExtResource("9_cdqbm"), ExtResource("10_imku0"), ExtResource("19_obt1j"), ExtResource("9_cdqbm"), ExtResource("10_imku0"), ExtResource("9_cdqbm")])
randomize_in_editor = true

[node name="@Node3D@81508" type="Node3D" parent="Level" instance=ExtResource("17_nu31w")]
transform = Transform3D(0.411129, 0, -0.911577, 0, 1, 0, 0.911577, 0, 0.411129, 6.62326, 0, -100.764)
script = ExtResource("8_tereu")
platform_scenes = Array[PackedScene]([ExtResource("18_obt1j")])
randomize_in_editor = true

[node name="@Node3D@81510" type="Node3D" parent="Level" instance=ExtResource("11_imku0")]
transform = Transform3D(-0.9398, 0, -0.341724, 0, 1, 0, 0.341724, 0, -0.9398, 9.45818, 0, -104.416)
script = ExtResource("8_tereu")
platform_scenes = Array[PackedScene]([ExtResource("12_wlxy5"), ExtResource("13_3v7ru"), ExtResource("22_2yde8")])
randomize_in_editor = true

[node name="@Node3D@81512" type="Node3D" parent="Level" instance=ExtResource("11_imku0")]
transform = Transform3D(-0.632605, 0, -0.774474, 0, 1, 0, 0.774474, 0, -0.632605, 11.6411, 0, -108.886)
script = ExtResource("8_tereu")
platform_scenes = Array[PackedScene]([ExtResource("12_wlxy5"), ExtResource("13_3v7ru"), ExtResource("22_2yde8")])
randomize_in_editor = true

[node name="@Node3D@81514" type="Node3D" parent="Level" instance=ExtResource("17_nu31w")]
transform = Transform3D(0.910671, 0, -0.413133, 0, 1, 0, 0.413133, 0, 0.910671, 8.71011, 0, -112.826)
script = ExtResource("8_tereu")
platform_scenes = Array[PackedScene]([ExtResource("18_obt1j")])
randomize_in_editor = true

[node name="@Node3D@81516" type="Node3D" parent="Level" instance=ExtResource("11_imku0")]
transform = Transform3D(-0.698094, 0, 0.716006, 0, 1, 0, -0.716006, 0, -0.698094, 11.834, 0, -116.314)
script = ExtResource("8_tereu")
platform_scenes = Array[PackedScene]([ExtResource("12_wlxy5"), ExtResource("13_3v7ru"), ExtResource("22_2yde8")])
randomize_in_editor = true

[node name="@Node3D@81518" type="Node3D" parent="Level" instance=ExtResource("7_6iypd")]
transform = Transform3D(-0.997079, 0, -0.0763736, 0, 1, 0, 0.0763736, 0, -0.997079, 10.0077, 0, -123.122)
script = ExtResource("8_tereu")
platform_scenes = Array[PackedScene]([ExtResource("9_cdqbm"), ExtResource("10_imku0"), ExtResource("19_obt1j"), ExtResource("9_cdqbm"), ExtResource("10_imku0"), ExtResource("9_cdqbm")])
randomize_in_editor = true

[node name="@Node3D@81520" type="Node3D" parent="Level" instance=ExtResource("11_imku0")]
transform = Transform3D(0.856832, 0, 0.515595, 0, 1, 0, -0.515595, 0, 0.856832, 11.2935, 0, -126.533)
script = ExtResource("8_tereu")
platform_scenes = Array[PackedScene]([ExtResource("12_wlxy5"), ExtResource("13_3v7ru"), ExtResource("22_2yde8")])
randomize_in_editor = true

[node name="@Node3D@81522" type="Node3D" parent="Level" instance=ExtResource("11_imku0")]
transform = Transform3D(-0.902598, 0, -0.430484, 0, 1, 0, 0.430484, 0, -0.902598, 5.77972, 0, -117.459)
script = ExtResource("8_tereu")
platform_scenes = Array[PackedScene]([ExtResource("12_wlxy5"), ExtResource("13_3v7ru"), ExtResource("22_2yde8")])
randomize_in_editor = true

[node name="@Node3D@81524" type="Node3D" parent="Level" instance=ExtResource("7_6iypd")]
transform = Transform3D(0.651541, 0, 0.758613, 0, 1, 0, -0.758613, 0, 0.651541, 4.62589, 0, -119.71)
script = ExtResource("8_tereu")
platform_scenes = Array[PackedScene]([ExtResource("9_cdqbm"), ExtResource("10_imku0"), ExtResource("19_obt1j"), ExtResource("9_cdqbm"), ExtResource("10_imku0"), ExtResource("9_cdqbm")])
randomize_in_editor = true

[node name="@Node3D@81526" type="Node3D" parent="Level" instance=ExtResource("17_nu31w")]
transform = Transform3D(0.671647, 0, -0.740871, 0, 1, 0, 0.740871, 0, 0.671647, 3.88285, 0, -84.4385)
script = ExtResource("8_tereu")
platform_scenes = Array[PackedScene]([ExtResource("18_obt1j")])
randomize_in_editor = true

[node name="@Node3D@81528" type="Node3D" parent="Level" instance=ExtResource("17_nu31w")]
transform = Transform3D(-0.850069, 0, -0.526671, 0, 1, 0, 0.526671, 0, -0.850069, -0.703711, 0, -77.8818)
script = ExtResource("8_tereu")
platform_scenes = Array[PackedScene]([ExtResource("18_obt1j")])
randomize_in_editor = true

[node name="@Node3D@81530" type="Node3D" parent="Level" instance=ExtResource("17_nu31w")]
transform = Transform3D(0.050898, 0, -0.998704, 0, 1, 0, 0.998704, 0, 0.050898, -1.87619, 0, -75.312)
script = ExtResource("8_tereu")
platform_scenes = Array[PackedScene]([ExtResource("18_obt1j")])
randomize_in_editor = true

[node name="@Node3D@81532" type="Node3D" parent="Level" instance=ExtResource("7_6iypd")]
transform = Transform3D(0.999757, 0, -0.0220642, 0, 1, 0, 0.0220642, 0, 0.999757, -1.7873, 0, -82.7783)
script = ExtResource("8_tereu")
platform_scenes = Array[PackedScene]([ExtResource("9_cdqbm"), ExtResource("10_imku0"), ExtResource("19_obt1j"), ExtResource("9_cdqbm"), ExtResource("10_imku0"), ExtResource("9_cdqbm")])
randomize_in_editor = true

[node name="@Node3D@81534" type="Node3D" parent="Level" instance=ExtResource("11_imku0")]
transform = Transform3D(-0.234767, 0, 0.972052, 0, 1, 0, -0.972052, 0, -0.234767, -2.76826, 0, -85.2512)
script = ExtResource("8_tereu")
platform_scenes = Array[PackedScene]([ExtResource("12_wlxy5"), ExtResource("13_3v7ru"), ExtResource("22_2yde8")])
randomize_in_editor = true

[node name="@Node3D@81536" type="Node3D" parent="Level" instance=ExtResource("17_nu31w")]
transform = Transform3D(0.00764454, 0, 0.999971, 0, 1, 0, -0.999971, 0, 0.00764454, 0.955711, 0, -91.5567)
script = ExtResource("8_tereu")
platform_scenes = Array[PackedScene]([ExtResource("18_obt1j")])
randomize_in_editor = true

[node name="@Node3D@81538" type="Node3D" parent="Level" instance=ExtResource("11_imku0")]
transform = Transform3D(-0.733588, 0, 0.679594, 0, 1, 0, -0.679594, 0, -0.733588, -0.226643, 0, -88.3317)
script = ExtResource("8_tereu")
platform_scenes = Array[PackedScene]([ExtResource("12_wlxy5"), ExtResource("13_3v7ru"), ExtResource("22_2yde8")])
randomize_in_editor = true

[node name="@Node3D@81540" type="Node3D" parent="Level" instance=ExtResource("17_nu31w")]
transform = Transform3D(0.984048, 0, 0.177906, 0, 1, 0, -0.177906, 0, 0.984048, -1.8059, 0, -91.3679)
script = ExtResource("8_tereu")
platform_scenes = Array[PackedScene]([ExtResource("18_obt1j")])
randomize_in_editor = true

[node name="@Node3D@81542" type="Node3D" parent="Level" instance=ExtResource("11_imku0")]
transform = Transform3D(-0.396274, 0, 0.918132, 0, 1, 0, -0.918132, 0, -0.396274, -7.66642, 0, -55.5044)
script = ExtResource("8_tereu")
platform_scenes = Array[PackedScene]([ExtResource("12_wlxy5"), ExtResource("13_3v7ru"), ExtResource("22_2yde8")])
randomize_in_editor = true

[node name="@Node3D@81544" type="Node3D" parent="Level" instance=ExtResource("17_nu31w")]
transform = Transform3D(0.391646, 0, -0.920116, 0, 1, 0, 0.920116, 0, 0.391646, -10.0857, 0, -61.5671)
script = ExtResource("8_tereu")
platform_scenes = Array[PackedScene]([ExtResource("18_obt1j")])
randomize_in_editor = true

[node name="@Node3D@81546" type="Node3D" parent="Level" instance=ExtResource("11_imku0")]
transform = Transform3D(0.477504, 0, 0.87863, 0, 1, 0, -0.87863, 0, 0.477504, -10.3557, 0, -64.9028)
script = ExtResource("8_tereu")
platform_scenes = Array[PackedScene]([ExtResource("12_wlxy5"), ExtResource("13_3v7ru"), ExtResource("22_2yde8")])
randomize_in_editor = true

[node name="@Node3D@81548" type="Node3D" parent="Level" instance=ExtResource("11_imku0")]
transform = Transform3D(0.962746, 0, -0.270408, 0, 1, 0, 0.270408, 0, 0.962746, -7.21612, 0, -68.1326)
script = ExtResource("8_tereu")
platform_scenes = Array[PackedScene]([ExtResource("12_wlxy5"), ExtResource("13_3v7ru"), ExtResource("22_2yde8")])
randomize_in_editor = true

[node name="@Node3D@81550" type="Node3D" parent="Level" instance=ExtResource("11_imku0")]
transform = Transform3D(0.836897, 0, 0.547361, 0, 1, 0, -0.547361, 0, 0.836897, -10.3196, 0, -71.5407)
script = ExtResource("8_tereu")
platform_scenes = Array[PackedScene]([ExtResource("12_wlxy5"), ExtResource("13_3v7ru"), ExtResource("22_2yde8")])
randomize_in_editor = true

[node name="@Node3D@81552" type="Node3D" parent="Level" instance=ExtResource("7_6iypd")]
transform = Transform3D(0.268544, 0, -0.963267, 0, 1, 0, 0.963267, 0, 0.268544, -7.24606, 0, -76.1834)
script = ExtResource("8_tereu")
platform_scenes = Array[PackedScene]([ExtResource("9_cdqbm"), ExtResource("10_imku0"), ExtResource("19_obt1j"), ExtResource("9_cdqbm"), ExtResource("10_imku0"), ExtResource("9_cdqbm")])
randomize_in_editor = true

[node name="@Node3D@81554" type="Node3D" parent="Level" instance=ExtResource("11_imku0")]
transform = Transform3D(0.969303, 0, -0.245871, 0, 1, 0, 0.245871, 0, 0.969303, -8.7885, 0, -78.3405)
script = ExtResource("8_tereu")
platform_scenes = Array[PackedScene]([ExtResource("12_wlxy5"), ExtResource("13_3v7ru"), ExtResource("22_2yde8")])
randomize_in_editor = true

[node name="@Node3D@81556" type="Node3D" parent="Level" instance=ExtResource("11_imku0")]
transform = Transform3D(0.887267, 0, -0.461257, 0, 1, 0, 0.461257, 0, 0.887267, -10.814, 0, -82.3779)
script = ExtResource("8_tereu")
platform_scenes = Array[PackedScene]([ExtResource("12_wlxy5"), ExtResource("13_3v7ru"), ExtResource("22_2yde8")])
randomize_in_editor = true

[node name="@Node3D@81558" type="Node3D" parent="Level" instance=ExtResource("7_6iypd")]
transform = Transform3D(-0.992458, 0, -0.122584, 0, 1, 0, 0.122584, 0, -0.992458, -7.68953, 0, -87.7109)
script = ExtResource("8_tereu")
platform_scenes = Array[PackedScene]([ExtResource("9_cdqbm"), ExtResource("10_imku0"), ExtResource("19_obt1j"), ExtResource("9_cdqbm"), ExtResource("10_imku0"), ExtResource("9_cdqbm")])
randomize_in_editor = true

[node name="@Node3D@81560" type="Node3D" parent="Level" instance=ExtResource("17_nu31w")]
transform = Transform3D(0.0880981, 0, -0.996112, 0, 1, 0, 0.996112, 0, 0.0880981, -10.7013, 0, -93.2192)
script = ExtResource("8_tereu")
platform_scenes = Array[PackedScene]([ExtResource("18_obt1j")])
randomize_in_editor = true

[node name="@Node3D@81562" type="Node3D" parent="Level" instance=ExtResource("11_imku0")]
transform = Transform3D(-0.94249, 0, -0.334236, 0, 1, 0, 0.334236, 0, -0.94249, -9.73604, 0, -96.4682)
script = ExtResource("8_tereu")
platform_scenes = Array[PackedScene]([ExtResource("12_wlxy5"), ExtResource("13_3v7ru"), ExtResource("22_2yde8")])
randomize_in_editor = true

[node name="@Node3D@81564" type="Node3D" parent="Level" instance=ExtResource("11_imku0")]
transform = Transform3D(-0.647693, 0, -0.761901, 0, 1, 0, 0.761901, 0, -0.647693, -8.54286, 0, -103.426)
script = ExtResource("8_tereu")
platform_scenes = Array[PackedScene]([ExtResource("12_wlxy5"), ExtResource("13_3v7ru"), ExtResource("22_2yde8")])
randomize_in_editor = true

