[gd_scene load_steps=34 format=3 uid="uid://3f7k8dolqfhh"]

[ext_resource type="PackedScene" uid="uid://g4tbrr3sfui2" path="res://player.tscn" id="1_a202f"]
[ext_resource type="Script" uid="uid://b85s3xfg6xv8i" path="res://game_manager.gd" id="1_tereu"]
[ext_resource type="FontFile" uid="uid://decj3qo5pg26d" path="res://kirifont/KiriFont.otf" id="2_cdqbm"]
[ext_resource type="LabelSettings" uid="uid://b32jxxg8k3j45" path="res://custom.tres" id="2_tereu"]
[ext_resource type="LabelSettings" uid="uid://c2fbmgdggtmr8" path="res://leaderboard.tres" id="4_imku0"]
[ext_resource type="PackedScene" uid="uid://o6nh6fno5b0d" path="res://level/level.tscn" id="6_i5arm"]
[ext_resource type="PackedScene" uid="uid://berc3ktdu00jq" path="res://water_grid.tscn" id="6_jsk3o"]
[ext_resource type="PackedScene" uid="uid://cloxm7yrf3dau" path="res://player4.tscn" id="6_vxd74"]
[ext_resource type="PackedScene" uid="uid://6kx5nm2ecru" path="res://items/generators/items.tscn" id="6_wc5p8"]
[ext_resource type="PackedScene" uid="uid://bgowpuve5rom4" path="res://level/1x1/1x1.tscn" id="7_6iypd"]
[ext_resource type="PackedScene" uid="uid://cwjt7a54ooioq" path="res://player3.tscn" id="7_dhlwf"]
[ext_resource type="PackedScene" uid="uid://oa4gk1w85htb" path="res://kill_zone.tscn" id="7_wc5p8"]
[ext_resource type="PackedScene" uid="uid://685x3hhuvr5l" path="res://player2.tscn" id="8_5t8nk"]
[ext_resource type="Script" uid="uid://4ohwjxvwlf14" path="res://scripts/random_platform.gd" id="8_tereu"]
[ext_resource type="PackedScene" uid="uid://bau54xbcyquty" path="res://goal.tscn" id="9_4arys"]
[ext_resource type="PackedScene" uid="uid://evotmterwgic" path="res://level/1x1/0.tscn" id="9_cdqbm"]
[ext_resource type="PackedScene" uid="uid://bq3jgcl0fepk2" path="res://level/1x1/1.tscn" id="10_imku0"]
[ext_resource type="PackedScene" uid="uid://bct2vsr7ymxi4" path="res://level/2x2/2x2.tscn" id="11_imku0"]
[ext_resource type="PackedScene" uid="uid://l2l3mvvrqhsu" path="res://level/2x2/0.tscn" id="12_wlxy5"]
[ext_resource type="PackedScene" uid="uid://da3dp6rlapf65" path="res://level/2x2/1.tscn" id="13_3v7ru"]
[ext_resource type="PackedScene" uid="uid://ck51bdne8ldwv" path="res://island.tscn" id="14_wlxy5"]
[ext_resource type="PackedScene" uid="uid://bpulflnw0vw5l" path="res://level/2x1/2x1.tscn" id="17_nu31w"]
[ext_resource type="PackedScene" uid="uid://dviuybxhwu1ho" path="res://level/2x1/0.tscn" id="18_obt1j"]
[ext_resource type="PackedScene" uid="uid://gof5kolddo3a" path="res://level/1x1/2.tscn" id="19_obt1j"]
[ext_resource type="PackedScene" uid="uid://bsmlem37lo4th" path="res://level/2x2/2.tscn" id="22_2yde8"]
[ext_resource type="PackedScene" uid="uid://csmc4dfieimjx" path="res://meshes/Startplatform/Startingplatform.tscn" id="24_dhlwf"]
[ext_resource type="PackedScene" uid="uid://b5bxwo0db64jg" path="res://meshes/Chest/chest.glb" id="24_nu31w"]

[sub_resource type="LabelSettings" id="LabelSettings_cdqbm"]
font = ExtResource("2_cdqbm")
font_size = 300
outline_size = 40
outline_color = Color(0, 0, 0, 1)

[sub_resource type="StyleBoxFlat" id="StyleBoxFlat_cdqbm"]
bg_color = Color(7.52043e-08, 0.0590926, 0.150703, 0.411765)

[sub_resource type="ProceduralSkyMaterial" id="ProceduralSkyMaterial_noarx"]

[sub_resource type="Sky" id="Sky_noarx"]
sky_material = SubResource("ProceduralSkyMaterial_noarx")

[sub_resource type="Environment" id="Environment_a0tk4"]
background_mode = 2
background_energy_multiplier = 2.5
sky = SubResource("Sky_noarx")

[sub_resource type="CameraAttributesPractical" id="CameraAttributesPractical_noarx"]

[node name="Game" type="Node3D"]

[node name="GameManager" type="Node" parent="."]
script = ExtResource("1_tereu")

[node name="CanvasLayer" type="CanvasLayer" parent="GameManager"]
layer = 100

[node name="SharedLabel" type="Label" parent="GameManager/CanvasLayer"]
custom_minimum_size = Vector2(400, 400)
anchors_preset = 8
anchor_left = 0.5
anchor_top = 0.5
anchor_right = 0.5
anchor_bottom = 0.5
offset_left = -960.0
offset_top = -540.0
offset_right = 960.0
offset_bottom = 540.0
grow_horizontal = 2
grow_vertical = 2
pivot_offset = Vector2(960, 540)
size_flags_vertical = 1
theme_override_font_sizes/font_size = 50
label_settings = ExtResource("2_tereu")
horizontal_alignment = 1
vertical_alignment = 1
autowrap_mode = 2
metadata/_edit_use_anchors_ = true

[node name="SharedLabel2" type="Label" parent="GameManager/CanvasLayer"]
custom_minimum_size = Vector2(2000, 1200)
anchors_preset = 8
anchor_left = 0.5
anchor_top = 0.5
anchor_right = 0.5
anchor_bottom = 0.5
offset_left = -1000.0
offset_top = -600.0
offset_right = 1000.0
offset_bottom = 600.0
grow_horizontal = 2
grow_vertical = 2
size_flags_vertical = 1
text = " "
label_settings = SubResource("LabelSettings_cdqbm")
horizontal_alignment = 1
vertical_alignment = 1
autowrap_mode = 2
metadata/_edit_use_anchors_ = true

[node name="opacity" type="Panel" parent="GameManager/CanvasLayer"]
visible = false
anchors_preset = 15
anchor_right = 1.0
anchor_bottom = 1.0
grow_horizontal = 2
grow_vertical = 2
size_flags_horizontal = 4
size_flags_vertical = 4
theme_override_styles/panel = SubResource("StyleBoxFlat_cdqbm")

[node name="Leaderboard" type="Panel" parent="GameManager/CanvasLayer/opacity"]
custom_minimum_size = Vector2(500, 500)
layout_mode = 1
anchors_preset = 8
anchor_left = 0.5
anchor_top = 0.5
anchor_right = 0.5
anchor_bottom = 0.5
offset_left = -250.0
offset_top = -250.0
offset_right = 250.0
offset_bottom = 250.0
grow_horizontal = 2
grow_vertical = 2

[node name="VBoxContainer" type="VBoxContainer" parent="GameManager/CanvasLayer/opacity/Leaderboard"]
layout_mode = 1
anchors_preset = 15
anchor_right = 1.0
anchor_bottom = 1.0
grow_horizontal = 2
grow_vertical = 2
theme_override_constants/separation = 20

[node name="Score1st" type="Label" parent="GameManager/CanvasLayer/opacity/Leaderboard/VBoxContainer"]
custom_minimum_size = Vector2(100, 100)
layout_mode = 2
size_flags_vertical = 3
label_settings = ExtResource("4_imku0")
horizontal_alignment = 1
vertical_alignment = 1
autowrap_mode = 2

[node name="Score2nd" type="Label" parent="GameManager/CanvasLayer/opacity/Leaderboard/VBoxContainer"]
custom_minimum_size = Vector2(100, 100)
layout_mode = 2
size_flags_vertical = 3
label_settings = ExtResource("4_imku0")
horizontal_alignment = 1
vertical_alignment = 1
autowrap_mode = 2

[node name="Score3rd" type="Label" parent="GameManager/CanvasLayer/opacity/Leaderboard/VBoxContainer"]
custom_minimum_size = Vector2(100, 100)
layout_mode = 2
size_flags_vertical = 3
label_settings = ExtResource("4_imku0")
horizontal_alignment = 1
vertical_alignment = 1
autowrap_mode = 2

[node name="Score4th" type="Label" parent="GameManager/CanvasLayer/opacity/Leaderboard/VBoxContainer"]
custom_minimum_size = Vector2(100, 100)
layout_mode = 2
size_flags_vertical = 3
label_settings = ExtResource("4_imku0")
horizontal_alignment = 1
vertical_alignment = 1
autowrap_mode = 2

[node name="Leaderboard2" type="Panel" parent="GameManager/CanvasLayer/opacity"]
visible = false
custom_minimum_size = Vector2(1000, 150)
layout_mode = 1
anchors_preset = 8
anchor_left = 0.5
anchor_top = 0.5
anchor_right = 0.5
anchor_bottom = 0.5
offset_left = -500.0
offset_top = 140.0
offset_right = 500.0
offset_bottom = 290.0
grow_horizontal = 2
grow_vertical = 2

[node name="MarginContainer" type="MarginContainer" parent="GameManager/CanvasLayer/opacity/Leaderboard2"]
layout_mode = 1
anchors_preset = 15
anchor_right = 1.0
anchor_bottom = 1.0
grow_horizontal = 2
grow_vertical = 2
theme_override_constants/margin_left = 30
theme_override_constants/margin_top = 30
theme_override_constants/margin_right = 30
theme_override_constants/margin_bottom = 30

[node name="HBoxContainer" type="HBoxContainer" parent="GameManager/CanvasLayer/opacity/Leaderboard2/MarginContainer"]
custom_minimum_size = Vector2(1000, 0)
layout_mode = 2
theme_override_constants/separation = 100

[node name="Options" type="Button" parent="GameManager/CanvasLayer/opacity/Leaderboard2/MarginContainer/HBoxContainer"]
layout_mode = 2
size_flags_horizontal = 3
size_flags_vertical = 3
theme_override_fonts/font = ExtResource("2_cdqbm")
theme_override_font_sizes/font_size = 50
text = "Options"

[node name="StartGame" type="Button" parent="GameManager/CanvasLayer/opacity/Leaderboard2/MarginContainer/HBoxContainer"]
layout_mode = 2
size_flags_horizontal = 3
size_flags_vertical = 3
theme_override_fonts/font = ExtResource("2_cdqbm")
theme_override_font_sizes/font_size = 50
text = "Restart"

[node name="Quit" type="Button" parent="GameManager/CanvasLayer/opacity/Leaderboard2/MarginContainer/HBoxContainer"]
layout_mode = 2
size_flags_horizontal = 3
size_flags_vertical = 3
theme_override_fonts/font = ExtResource("2_cdqbm")
theme_override_font_sizes/font_size = 50
text = "quit"

[node name="DirectionalLight3D" type="DirectionalLight3D" parent="."]
transform = Transform3D(-0.534213, -0.815404, -0.223011, -0.284691, -0.0748638, 0.955692, -0.79597, 0.574032, -0.192145, -4.2404, 11.0469, -3.46405)
shadow_enabled = true

[node name="WorldEnvironment" type="WorldEnvironment" parent="."]
environment = SubResource("Environment_a0tk4")
camera_attributes = SubResource("CameraAttributesPractical_noarx")

[node name="GridContainer" type="GridContainer" parent="."]
anchors_preset = 15
anchor_right = 1.0
anchor_bottom = 1.0
grow_horizontal = 2
grow_vertical = 2
columns = 2

[node name="SubViewportContainer" type="SubViewportContainer" parent="GridContainer"]
layout_mode = 2
size_flags_horizontal = 3
size_flags_vertical = 3
stretch = true

[node name="SubViewport" type="SubViewport" parent="GridContainer/SubViewportContainer"]
handle_input_locally = false
size = Vector2i(958, 538)
render_target_update_mode = 4

[node name="Player" parent="GridContainer/SubViewportContainer/SubViewport" instance=ExtResource("1_a202f")]
transform = Transform3D(1, 0, 0, 0, 1, 0, 0, 0, 1, 0, 10, 0)
axis_lock_angular_y = true

[node name="IconTexture" type="TextureRect" parent="GridContainer/SubViewportContainer/SubViewport/Player"]
offset_right = 150.0
offset_bottom = 150.0
expand_mode = 1

[node name="PointsLabel" type="Label" parent="GridContainer/SubViewportContainer/SubViewport/Player"]
anchors_preset = 2
anchor_top = 1.0
anchor_bottom = 1.0
offset_top = -23.0
offset_right = 79.0
grow_vertical = 0

[node name="MarginContainer" type="MarginContainer" parent="GridContainer/SubViewportContainer/SubViewport/Player"]
visible = false
offset_left = 20.0
offset_top = 20.0
offset_right = 60.0
offset_bottom = 61.0

[node name="CurrItemLabel" type="Label" parent="GridContainer/SubViewportContainer/SubViewport/Player/MarginContainer"]
layout_mode = 2

[node name="SubViewportContainer2" type="SubViewportContainer" parent="GridContainer"]
layout_mode = 2
size_flags_horizontal = 3
size_flags_vertical = 3
stretch = true

[node name="SubViewport" type="SubViewport" parent="GridContainer/SubViewportContainer2"]
handle_input_locally = false
size = Vector2i(958, 538)
render_target_update_mode = 4

[node name="Player2" parent="GridContainer/SubViewportContainer2/SubViewport" instance=ExtResource("8_5t8nk")]
transform = Transform3D(1, 0, 0, 0, 1, 0, 0, 0, 1, 2.5, 10, 0)

[node name="PointsLabel" type="Label" parent="GridContainer/SubViewportContainer2/SubViewport/Player2"]
anchors_preset = 3
anchor_left = 1.0
anchor_top = 1.0
anchor_right = 1.0
anchor_bottom = 1.0
offset_left = -79.0
offset_top = -41.0
grow_horizontal = 0
grow_vertical = 0

[node name="MarginContainer" type="MarginContainer" parent="GridContainer/SubViewportContainer2/SubViewport/Player2"]
visible = false
anchors_preset = 1
anchor_left = 1.0
anchor_right = 1.0
offset_left = -40.0
offset_bottom = 41.0
grow_horizontal = 0

[node name="CurrItemLabel" type="Label" parent="GridContainer/SubViewportContainer2/SubViewport/Player2/MarginContainer"]
layout_mode = 2

[node name="IconTexture" type="TextureRect" parent="GridContainer/SubViewportContainer2/SubViewport/Player2"]
anchors_preset = 1
anchor_left = 1.0
anchor_right = 1.0
offset_left = -150.0
offset_bottom = 150.0
grow_horizontal = 0
expand_mode = 1

[node name="SubViewportContainer3" type="SubViewportContainer" parent="GridContainer"]
layout_mode = 2
size_flags_horizontal = 3
size_flags_vertical = 3
stretch = true

[node name="SubViewport" type="SubViewport" parent="GridContainer/SubViewportContainer3"]
handle_input_locally = false
size = Vector2i(958, 538)
render_target_update_mode = 4

[node name="Player3" parent="GridContainer/SubViewportContainer3/SubViewport" instance=ExtResource("7_dhlwf")]
transform = Transform3D(1, 0, 0, 0, 1, 0, 0, 0, 1, 5, 10, 0)

[node name="IconTexture" type="TextureRect" parent="GridContainer/SubViewportContainer3/SubViewport/Player3"]
anchors_preset = 2
anchor_top = 1.0
anchor_bottom = 1.0
offset_top = -150.0
offset_right = 150.0
grow_vertical = 0
expand_mode = 1

[node name="PointsLabel" type="Label" parent="GridContainer/SubViewportContainer3/SubViewport/Player3"]
anchors_preset = 2
anchor_top = 1.0
anchor_bottom = 1.0
offset_top = -41.0
offset_right = 79.0
grow_vertical = 0

[node name="MarginContainer" type="MarginContainer" parent="GridContainer/SubViewportContainer3/SubViewport/Player3"]
visible = false
anchors_preset = 2
anchor_top = 1.0
anchor_bottom = 1.0
offset_top = -41.0
offset_right = 40.0
grow_vertical = 0

[node name="CurrItemLabel" type="Label" parent="GridContainer/SubViewportContainer3/SubViewport/Player3/MarginContainer"]
layout_mode = 2

[node name="SubViewportContainer4" type="SubViewportContainer" parent="GridContainer"]
layout_mode = 2
size_flags_horizontal = 3
size_flags_vertical = 3
stretch = true

[node name="SubViewport" type="SubViewport" parent="GridContainer/SubViewportContainer4"]
handle_input_locally = false
size = Vector2i(958, 538)
render_target_update_mode = 4

[node name="Player4" parent="GridContainer/SubViewportContainer4/SubViewport" instance=ExtResource("6_vxd74")]
transform = Transform3D(1, 0, 0, 0, 1, 0, 0, 0, 1, 7.5, 10, 0)

[node name="IconTexture" type="TextureRect" parent="GridContainer/SubViewportContainer4/SubViewport/Player4"]
anchors_preset = 3
anchor_left = 1.0
anchor_top = 1.0
anchor_right = 1.0
anchor_bottom = 1.0
offset_left = -150.0
offset_top = -150.0
grow_horizontal = 0
grow_vertical = 0
expand_mode = 1

[node name="PointsLabel" type="Label" parent="GridContainer/SubViewportContainer4/SubViewport/Player4"]
anchors_preset = 3
anchor_left = 1.0
anchor_top = 1.0
anchor_right = 1.0
anchor_bottom = 1.0
offset_left = -79.0
offset_top = -41.0
grow_horizontal = 0
grow_vertical = 0

[node name="MarginContainer" type="MarginContainer" parent="GridContainer/SubViewportContainer4/SubViewport/Player4"]
visible = false
anchors_preset = 3
anchor_left = 1.0
anchor_top = 1.0
anchor_right = 1.0
anchor_bottom = 1.0
offset_left = -40.0
offset_top = -41.0
grow_horizontal = 0
grow_vertical = 0

[node name="CurrItemLabel" type="Label" parent="GridContainer/SubViewportContainer4/SubViewport/Player4/MarginContainer"]
layout_mode = 2

[node name="Items" parent="." instance=ExtResource("6_wc5p8")]

[node name="Level" parent="." instance=ExtResource("6_i5arm")]

[node name="Node3D" type="Node3D" parent="Level" instance=ExtResource("17_nu31w")]
transform = Transform3D(0.54691, 0, -0.837192, 0, 1, 0, 0.837192, 0, 0.54691, 0, 0, 0)
script = ExtResource("8_tereu")
platform_scenes = Array[PackedScene]([ExtResource("18_obt1j")])
randomize_in_editor = true

[node name="@Node3D@39591" type="Node3D" parent="Level" instance=ExtResource("7_6iypd")]
transform = Transform3D(0.983541, 0, -0.180687, 0, 1, 0, 0.180687, 0, 0.983541, -0.746668, 0, -3.26622)
script = ExtResource("8_tereu")
platform_scenes = Array[PackedScene]([ExtResource("9_cdqbm"), ExtResource("10_imku0"), ExtResource("19_obt1j"), ExtResource("9_cdqbm"), ExtResource("10_imku0")])
randomize_in_editor = true

[node name="@Node3D@39593" type="Node3D" parent="Level" instance=ExtResource("17_nu31w")]
transform = Transform3D(0.22266, 0, 0.974896, 0, 1, 0, -0.974896, 0, 0.22266, -3.55995, 0, -8.8245)
script = ExtResource("8_tereu")
platform_scenes = Array[PackedScene]([ExtResource("18_obt1j")])
randomize_in_editor = true

[node name="@Node3D@39595" type="Node3D" parent="Level" instance=ExtResource("11_imku0")]
transform = Transform3D(-0.845247, 0, 0.534377, 0, 1, 0, -0.534377, 0, -0.845247, -5.51277, 0, -11.6665)
script = ExtResource("8_tereu")
platform_scenes = Array[PackedScene]([ExtResource("12_wlxy5"), ExtResource("13_3v7ru"), ExtResource("22_2yde8")])
randomize_in_editor = true

[node name="@Node3D@39597" type="Node3D" parent="Level" instance=ExtResource("7_6iypd")]
transform = Transform3D(-0.293343, 0, 0.956007, 0, 1, 0, -0.956007, 0, -0.293343, -5.54366, 0, -17.8941)
script = ExtResource("8_tereu")
platform_scenes = Array[PackedScene]([ExtResource("9_cdqbm"), ExtResource("10_imku0"), ExtResource("19_obt1j"), ExtResource("9_cdqbm"), ExtResource("10_imku0")])
randomize_in_editor = true

[node name="@Node3D@39599" type="Node3D" parent="Level" instance=ExtResource("7_6iypd")]
transform = Transform3D(-0.469897, 0, 0.882721, 0, 1, 0, -0.882721, 0, -0.469897, -3.83851, 0, -20.4163)
script = ExtResource("8_tereu")
platform_scenes = Array[PackedScene]([ExtResource("9_cdqbm"), ExtResource("10_imku0"), ExtResource("19_obt1j"), ExtResource("9_cdqbm"), ExtResource("10_imku0")])
randomize_in_editor = true

[node name="@Node3D@39601" type="Node3D" parent="Level" instance=ExtResource("7_6iypd")]
transform = Transform3D(0.844894, 0, -0.534934, 0, 1, 0, 0.534934, 0, 0.844894, -0.656758, 0, -26.1365)
script = ExtResource("8_tereu")
platform_scenes = Array[PackedScene]([ExtResource("9_cdqbm"), ExtResource("10_imku0"), ExtResource("19_obt1j"), ExtResource("9_cdqbm"), ExtResource("10_imku0")])
randomize_in_editor = true

[node name="@Node3D@39603" type="Node3D" parent="Level" instance=ExtResource("11_imku0")]
transform = Transform3D(0.996405, 0, 0.0847162, 0, 1, 0, -0.0847162, 0, 0.996405, 3.62277, 0, -32.0884)
script = ExtResource("8_tereu")
platform_scenes = Array[PackedScene]([ExtResource("12_wlxy5"), ExtResource("13_3v7ru"), ExtResource("22_2yde8")])
randomize_in_editor = true

[node name="@Node3D@39605" type="Node3D" parent="Level" instance=ExtResource("11_imku0")]
transform = Transform3D(-0.0121024, 0, 0.999927, 0, 1, 0, -0.999927, 0, -0.0121024, 4.35212, 0, -39.5041)
script = ExtResource("8_tereu")
platform_scenes = Array[PackedScene]([ExtResource("12_wlxy5"), ExtResource("13_3v7ru"), ExtResource("22_2yde8")])
randomize_in_editor = true

[node name="@Node3D@39607" type="Node3D" parent="Level" instance=ExtResource("17_nu31w")]
transform = Transform3D(0.377032, 0, 0.9262, 0, 1, 0, -0.9262, 0, 0.377032, 4.50735, 0, -43.1044)
script = ExtResource("8_tereu")
platform_scenes = Array[PackedScene]([ExtResource("18_obt1j")])
randomize_in_editor = true

[node name="@Node3D@39609" type="Node3D" parent="Level" instance=ExtResource("11_imku0")]
transform = Transform3D(-0.278757, 0, -0.960362, 0, 1, 0, 0.960362, 0, -0.278757, 4.17867, 0, -49.2882)
script = ExtResource("8_tereu")
platform_scenes = Array[PackedScene]([ExtResource("12_wlxy5"), ExtResource("13_3v7ru"), ExtResource("22_2yde8")])
randomize_in_editor = true

[node name="@Node3D@39611" type="Node3D" parent="Level" instance=ExtResource("11_imku0")]
transform = Transform3D(-0.777737, 0, 0.62859, 0, 1, 0, -0.62859, 0, -0.777737, 0.837507, 0, -54.9476)
script = ExtResource("8_tereu")
platform_scenes = Array[PackedScene]([ExtResource("12_wlxy5"), ExtResource("13_3v7ru"), ExtResource("22_2yde8")])
randomize_in_editor = true

[node name="@Node3D@39613" type="Node3D" parent="Level" instance=ExtResource("7_6iypd")]
transform = Transform3D(-0.846818, 0, -0.531883, 0, 1, 0, 0.531883, 0, -0.846818, 3.04002, 0, -60.3046)
script = ExtResource("8_tereu")
platform_scenes = Array[PackedScene]([ExtResource("9_cdqbm"), ExtResource("10_imku0"), ExtResource("19_obt1j"), ExtResource("9_cdqbm"), ExtResource("10_imku0")])
randomize_in_editor = true

[node name="@Node3D@39615" type="Node3D" parent="Level" instance=ExtResource("17_nu31w")]
transform = Transform3D(-0.958233, 0, -0.285989, 0, 1, 0, 0.285989, 0, -0.958233, -1.92072, 0, -65.4591)
script = ExtResource("8_tereu")
platform_scenes = Array[PackedScene]([ExtResource("18_obt1j")])
randomize_in_editor = true

[node name="@Node3D@39617" type="Node3D" parent="Level" instance=ExtResource("7_6iypd")]
transform = Transform3D(-0.012058, 0, -0.999927, 0, 1, 0, 0.999927, 0, -0.012058, -2.43006, 0, -68.0808)
script = ExtResource("8_tereu")
platform_scenes = Array[PackedScene]([ExtResource("9_cdqbm"), ExtResource("10_imku0"), ExtResource("19_obt1j"), ExtResource("9_cdqbm"), ExtResource("10_imku0")])
randomize_in_editor = true

[node name="@Node3D@39619" type="Node3D" parent="Level" instance=ExtResource("7_6iypd")]
transform = Transform3D(0.987849, 0, -0.155416, 0, 1, 0, 0.155416, 0, 0.987849, -3.10527, 0, -70.8746)
script = ExtResource("8_tereu")
platform_scenes = Array[PackedScene]([ExtResource("9_cdqbm"), ExtResource("10_imku0"), ExtResource("19_obt1j"), ExtResource("9_cdqbm"), ExtResource("10_imku0")])
randomize_in_editor = true

[node name="@Node3D@39621" type="Node3D" parent="Level" instance=ExtResource("11_imku0")]
transform = Transform3D(0.227123, 0, 0.973866, 0, 1, 0, -0.973866, 0, 0.227123, -4.06012, 0, -74.3264)
script = ExtResource("8_tereu")
platform_scenes = Array[PackedScene]([ExtResource("12_wlxy5"), ExtResource("13_3v7ru"), ExtResource("22_2yde8")])
randomize_in_editor = true

[node name="@Node3D@39623" type="Node3D" parent="Level" instance=ExtResource("7_6iypd")]
transform = Transform3D(0.99471, 0, 0.102725, 0, 1, 0, -0.102725, 0, 0.99471, -8.52279, 0, -80.282)
script = ExtResource("8_tereu")
platform_scenes = Array[PackedScene]([ExtResource("9_cdqbm"), ExtResource("10_imku0"), ExtResource("19_obt1j"), ExtResource("9_cdqbm"), ExtResource("10_imku0")])
randomize_in_editor = true

[node name="@Node3D@39625" type="Node3D" parent="Level" instance=ExtResource("7_6iypd")]
transform = Transform3D(0.938922, 0, 0.344129, 0, 1, 0, -0.344129, 0, 0.938922, -5.82425, 0, -83.1438)
script = ExtResource("8_tereu")
platform_scenes = Array[PackedScene]([ExtResource("9_cdqbm"), ExtResource("10_imku0"), ExtResource("19_obt1j"), ExtResource("9_cdqbm"), ExtResource("10_imku0")])
randomize_in_editor = true

[node name="@Node3D@39627" type="Node3D" parent="Level" instance=ExtResource("17_nu31w")]
transform = Transform3D(-0.635033, 0, -0.772485, 0, 1, 0, 0.772485, 0, -0.635033, -6.88503, 0, -88.1861)
script = ExtResource("8_tereu")
platform_scenes = Array[PackedScene]([ExtResource("18_obt1j")])
randomize_in_editor = true

[node name="@Node3D@39629" type="Node3D" parent="Level" instance=ExtResource("7_6iypd")]
transform = Transform3D(0.71568, 0, 0.698428, 0, 1, 0, -0.698428, 0, 0.71568, -7.33375, 0, -91.198)
script = ExtResource("8_tereu")
platform_scenes = Array[PackedScene]([ExtResource("9_cdqbm"), ExtResource("10_imku0"), ExtResource("19_obt1j"), ExtResource("9_cdqbm"), ExtResource("10_imku0")])
randomize_in_editor = true

[node name="@Node3D@39631" type="Node3D" parent="Level" instance=ExtResource("11_imku0")]
transform = Transform3D(0.817619, 0, -0.57576, 0, 1, 0, 0.57576, 0, 0.817619, -11.8995, 0, -96.4789)
script = ExtResource("8_tereu")
platform_scenes = Array[PackedScene]([ExtResource("12_wlxy5"), ExtResource("13_3v7ru"), ExtResource("22_2yde8")])
randomize_in_editor = true

[node name="@Node3D@39633" type="Node3D" parent="Level" instance=ExtResource("17_nu31w")]
transform = Transform3D(0.273659, 0, -0.961827, 0, 1, 0, 0.961827, 0, 0.273659, -8.72576, 0, -101.276)
script = ExtResource("8_tereu")
platform_scenes = Array[PackedScene]([ExtResource("18_obt1j")])
randomize_in_editor = true

[node name="@Node3D@39635" type="Node3D" parent="Level" instance=ExtResource("17_nu31w")]
transform = Transform3D(-0.789616, 0, 0.613602, 0, 1, 0, -0.613602, 0, -0.789616, -5.56865, 0, -108.042)
script = ExtResource("8_tereu")
platform_scenes = Array[PackedScene]([ExtResource("18_obt1j")])
randomize_in_editor = true

[node name="@Node3D@39637" type="Node3D" parent="Level" instance=ExtResource("17_nu31w")]
transform = Transform3D(-0.703047, 0, 0.711143, 0, 1, 0, -0.711143, 0, -0.703047, -4.4636, 0, -112.477)
script = ExtResource("8_tereu")
platform_scenes = Array[PackedScene]([ExtResource("18_obt1j")])
randomize_in_editor = true

[node name="@Node3D@39639" type="Node3D" parent="Level" instance=ExtResource("7_6iypd")]
transform = Transform3D(-0.998247, 0, 0.059184, 0, 1, 0, -0.059184, 0, -0.998247, -0.506781, 0, -118.747)
script = ExtResource("8_tereu")
platform_scenes = Array[PackedScene]([ExtResource("9_cdqbm"), ExtResource("10_imku0"), ExtResource("19_obt1j"), ExtResource("9_cdqbm"), ExtResource("10_imku0")])
randomize_in_editor = true

[node name="@Node3D@39641" type="Node3D" parent="Level" instance=ExtResource("7_6iypd")]
transform = Transform3D(0.900417, 0, -0.435027, 0, 1, 0, 0.435027, 0, 0.900417, -1.5625, 0, -124.828)
script = ExtResource("8_tereu")
platform_scenes = Array[PackedScene]([ExtResource("9_cdqbm"), ExtResource("10_imku0"), ExtResource("19_obt1j"), ExtResource("9_cdqbm"), ExtResource("10_imku0")])
randomize_in_editor = true

[node name="@Node3D@39643" type="Node3D" parent="Level" instance=ExtResource("11_imku0")]
transform = Transform3D(-0.306643, 0, 0.951824, 0, 1, 0, -0.951824, 0, -0.306643, -0.276758, 0, -127.783)
script = ExtResource("8_tereu")
platform_scenes = Array[PackedScene]([ExtResource("12_wlxy5"), ExtResource("13_3v7ru"), ExtResource("22_2yde8")])
randomize_in_editor = true

[node name="@Node3D@39645" type="Node3D" parent="Level" instance=ExtResource("11_imku0")]
transform = Transform3D(-0.0622194, 0, -0.998062, 0, 1, 0, 0.998062, 0, -0.0622194, 1.5437, 0, -123.026)
script = ExtResource("8_tereu")
platform_scenes = Array[PackedScene]([ExtResource("12_wlxy5"), ExtResource("13_3v7ru"), ExtResource("22_2yde8")])
randomize_in_editor = true

[node name="@Node3D@39647" type="Node3D" parent="Level" instance=ExtResource("7_6iypd")]
transform = Transform3D(-0.992704, 0, -0.120577, 0, 1, 0, 0.120577, 0, -0.992704, 4.26141, 0, -126.594)
script = ExtResource("8_tereu")
platform_scenes = Array[PackedScene]([ExtResource("9_cdqbm"), ExtResource("10_imku0"), ExtResource("19_obt1j"), ExtResource("9_cdqbm"), ExtResource("10_imku0")])
randomize_in_editor = true

[node name="@Node3D@39649" type="Node3D" parent="Level" instance=ExtResource("17_nu31w")]
transform = Transform3D(0.99985, 0, 0.0173032, 0, 1, 0, -0.0173032, 0, 0.99985, -2.59131, 0, -96.0763)
script = ExtResource("8_tereu")
platform_scenes = Array[PackedScene]([ExtResource("18_obt1j")])
randomize_in_editor = true

[node name="@Node3D@39651" type="Node3D" parent="Level" instance=ExtResource("11_imku0")]
transform = Transform3D(0.0897225, 0, 0.995967, 0, 1, 0, -0.995967, 0, 0.0897225, -0.100821, 0, -99.6929)
script = ExtResource("8_tereu")
platform_scenes = Array[PackedScene]([ExtResource("12_wlxy5"), ExtResource("13_3v7ru"), ExtResource("22_2yde8")])
randomize_in_editor = true

[node name="@Node3D@39653" type="Node3D" parent="Level" instance=ExtResource("11_imku0")]
transform = Transform3D(-0.901835, 0, -0.43208, 0, 1, 0, 0.43208, 0, -0.901835, 3.62402, 0, -104.816)
script = ExtResource("8_tereu")
platform_scenes = Array[PackedScene]([ExtResource("12_wlxy5"), ExtResource("13_3v7ru"), ExtResource("22_2yde8")])
randomize_in_editor = true

[node name="@Node3D@39655" type="Node3D" parent="Level" instance=ExtResource("7_6iypd")]
transform = Transform3D(-0.49718, 0, -0.867647, 0, 1, 0, 0.867647, 0, -0.49718, 4.07196, 0, -107.405)
script = ExtResource("8_tereu")
platform_scenes = Array[PackedScene]([ExtResource("9_cdqbm"), ExtResource("10_imku0"), ExtResource("19_obt1j"), ExtResource("9_cdqbm"), ExtResource("10_imku0")])
randomize_in_editor = true

[node name="@Node3D@39657" type="Node3D" parent="Level" instance=ExtResource("11_imku0")]
transform = Transform3D(-0.798081, 0, 0.60255, 0, 1, 0, -0.60255, 0, -0.798081, 4.39985, 0, -112.194)
script = ExtResource("8_tereu")
platform_scenes = Array[PackedScene]([ExtResource("12_wlxy5"), ExtResource("13_3v7ru"), ExtResource("22_2yde8")])
randomize_in_editor = true

[node name="@Node3D@39659" type="Node3D" parent="Level" instance=ExtResource("17_nu31w")]
transform = Transform3D(0.604663, 0, 0.796481, 0, 1, 0, -0.796481, 0, 0.604663, 3.82127, 0, -117.262)
script = ExtResource("8_tereu")
platform_scenes = Array[PackedScene]([ExtResource("18_obt1j")])
randomize_in_editor = true

[node name="@Node3D@39661" type="Node3D" parent="Level" instance=ExtResource("11_imku0")]
transform = Transform3D(0.742071, 0, -0.670321, 0, 1, 0, 0.670321, 0, 0.742071, 7.16708, 0, -118.098)
script = ExtResource("8_tereu")
platform_scenes = Array[PackedScene]([ExtResource("12_wlxy5"), ExtResource("13_3v7ru"), ExtResource("22_2yde8")])
randomize_in_editor = true

[node name="@Node3D@39663" type="Node3D" parent="Level" instance=ExtResource("11_imku0")]
transform = Transform3D(-0.972748, 0, 0.231867, 0, 1, 0, -0.231867, 0, -0.972748, 10.0449, 0, -121.423)
script = ExtResource("8_tereu")
platform_scenes = Array[PackedScene]([ExtResource("12_wlxy5"), ExtResource("13_3v7ru"), ExtResource("22_2yde8")])
randomize_in_editor = true

[node name="@Node3D@39665" type="Node3D" parent="Level" instance=ExtResource("7_6iypd")]
transform = Transform3D(0.867217, 0, -0.49793, 0, 1, 0, 0.49793, 0, 0.867217, 8.01956, 0, -125.267)
script = ExtResource("8_tereu")
platform_scenes = Array[PackedScene]([ExtResource("9_cdqbm"), ExtResource("10_imku0"), ExtResource("19_obt1j"), ExtResource("9_cdqbm"), ExtResource("10_imku0")])
randomize_in_editor = true

[node name="@Node3D@39667" type="Node3D" parent="Level" instance=ExtResource("17_nu31w")]
transform = Transform3D(-0.935031, 0, 0.354566, 0, 1, 0, -0.354566, 0, -0.935031, 0.721544, 0, -65.7967)
script = ExtResource("8_tereu")
platform_scenes = Array[PackedScene]([ExtResource("18_obt1j")])
randomize_in_editor = true

[node name="@Node3D@39669" type="Node3D" parent="Level" instance=ExtResource("11_imku0")]
transform = Transform3D(-0.98477, 0, 0.173861, 0, 1, 0, -0.173861, 0, -0.98477, 3.94087, 0, -54.2475)
script = ExtResource("8_tereu")
platform_scenes = Array[PackedScene]([ExtResource("12_wlxy5"), ExtResource("13_3v7ru"), ExtResource("22_2yde8")])
randomize_in_editor = true

[node name="@Node3D@39671" type="Node3D" parent="Level" instance=ExtResource("7_6iypd")]
transform = Transform3D(0.710371, 0, -0.703827, 0, 1, 0, 0.703827, 0, 0.710371, 5.70187, 0, -46.0674)
script = ExtResource("8_tereu")
platform_scenes = Array[PackedScene]([ExtResource("9_cdqbm"), ExtResource("10_imku0"), ExtResource("19_obt1j"), ExtResource("9_cdqbm"), ExtResource("10_imku0")])
randomize_in_editor = true

[node name="@Node3D@39673" type="Node3D" parent="Level" instance=ExtResource("17_nu31w")]
transform = Transform3D(-0.962586, 0, -0.270976, 0, 1, 0, 0.270976, 0, -0.962586, 10.1563, 0, -51.8817)
script = ExtResource("8_tereu")
platform_scenes = Array[PackedScene]([ExtResource("18_obt1j")])
randomize_in_editor = true

[node name="@Node3D@39675" type="Node3D" parent="Level" instance=ExtResource("11_imku0")]
transform = Transform3D(-0.984857, 0, 0.173369, 0, 1, 0, -0.173369, 0, -0.984857, 11.2206, 0, -54.5674)
script = ExtResource("8_tereu")
platform_scenes = Array[PackedScene]([ExtResource("12_wlxy5"), ExtResource("13_3v7ru"), ExtResource("22_2yde8")])
randomize_in_editor = true

[node name="@Node3D@39677" type="Node3D" parent="Level" instance=ExtResource("11_imku0")]
transform = Transform3D(0.0150586, 0, 0.999887, 0, 1, 0, -0.999887, 0, 0.0150586, 8.54845, 0, -58.3676)
script = ExtResource("8_tereu")
platform_scenes = Array[PackedScene]([ExtResource("12_wlxy5"), ExtResource("13_3v7ru"), ExtResource("22_2yde8")])
randomize_in_editor = true

[node name="@Node3D@39679" type="Node3D" parent="Level" instance=ExtResource("7_6iypd")]
transform = Transform3D(-0.951179, 0, 0.30864, 0, 1, 0, -0.30864, 0, -0.951179, 9.67695, 0, -64.7663)
script = ExtResource("8_tereu")
platform_scenes = Array[PackedScene]([ExtResource("9_cdqbm"), ExtResource("10_imku0"), ExtResource("19_obt1j"), ExtResource("9_cdqbm"), ExtResource("10_imku0")])
randomize_in_editor = true

[node name="@Node3D@39681" type="Node3D" parent="Level" instance=ExtResource("7_6iypd")]
transform = Transform3D(-0.0356177, 0, 0.999366, 0, 1, 0, -0.999366, 0, -0.0356177, 7.90767, 0, -68.1715)
script = ExtResource("8_tereu")
platform_scenes = Array[PackedScene]([ExtResource("9_cdqbm"), ExtResource("10_imku0"), ExtResource("19_obt1j"), ExtResource("9_cdqbm"), ExtResource("10_imku0")])
randomize_in_editor = true

[node name="@Node3D@39683" type="Node3D" parent="Level" instance=ExtResource("7_6iypd")]
transform = Transform3D(0.200735, 0, -0.979646, 0, 1, 0, 0.979646, 0, 0.200735, 11.369, 0, -74.5687)
script = ExtResource("8_tereu")
platform_scenes = Array[PackedScene]([ExtResource("9_cdqbm"), ExtResource("10_imku0"), ExtResource("19_obt1j"), ExtResource("9_cdqbm"), ExtResource("10_imku0")])
randomize_in_editor = true

[node name="@Node3D@39685" type="Node3D" parent="Level" instance=ExtResource("7_6iypd")]
transform = Transform3D(0.980203, 0, -0.197995, 0, 1, 0, 0.197995, 0, 0.980203, 10.6212, 0, -81.8266)
script = ExtResource("8_tereu")
platform_scenes = Array[PackedScene]([ExtResource("9_cdqbm"), ExtResource("10_imku0"), ExtResource("19_obt1j"), ExtResource("9_cdqbm"), ExtResource("10_imku0")])
randomize_in_editor = true

[node name="@Node3D@39687" type="Node3D" parent="Level" instance=ExtResource("11_imku0")]
transform = Transform3D(0.00234325, 0, 0.999997, 0, 1, 0, -0.999997, 0, 0.00234325, 10.6077, 0, -88.0881)
script = ExtResource("8_tereu")
platform_scenes = Array[PackedScene]([ExtResource("12_wlxy5"), ExtResource("13_3v7ru"), ExtResource("22_2yde8")])
randomize_in_editor = true

[node name="@Node3D@39689" type="Node3D" parent="Level" instance=ExtResource("17_nu31w")]
transform = Transform3D(-0.629923, 0, -0.776657, 0, 1, 0, 0.776657, 0, -0.629923, 6.66862, 0, -93.2718)
script = ExtResource("8_tereu")
platform_scenes = Array[PackedScene]([ExtResource("18_obt1j")])
randomize_in_editor = true

[node name="@Node3D@39691" type="Node3D" parent="Level" instance=ExtResource("7_6iypd")]
transform = Transform3D(0.880207, 0, 0.47459, 0, 1, 0, -0.47459, 0, 0.880207, 8.21866, 0, -95.6481)
script = ExtResource("8_tereu")
platform_scenes = Array[PackedScene]([ExtResource("9_cdqbm"), ExtResource("10_imku0"), ExtResource("19_obt1j"), ExtResource("9_cdqbm"), ExtResource("10_imku0")])
randomize_in_editor = true

[node name="@Node3D@39693" type="Node3D" parent="Level" instance=ExtResource("17_nu31w")]
transform = Transform3D(-0.589392, 0, -0.807847, 0, 1, 0, 0.807847, 0, -0.589392, 9.6994, 0, -99.9841)
script = ExtResource("8_tereu")
platform_scenes = Array[PackedScene]([ExtResource("18_obt1j")])
randomize_in_editor = true

[node name="@Node3D@39695" type="Node3D" parent="Level" instance=ExtResource("17_nu31w")]
transform = Transform3D(0.284006, 0, -0.958822, 0, 1, 0, 0.958822, 0, 0.284006, 7.74764, 0, -104.712)
script = ExtResource("8_tereu")
platform_scenes = Array[PackedScene]([ExtResource("18_obt1j")])
randomize_in_editor = true

[node name="@Node3D@39697" type="Node3D" parent="Level" instance=ExtResource("17_nu31w")]
transform = Transform3D(-0.947512, 0, -0.319721, 0, 1, 0, 0.319721, 0, -0.947512, 9.713, 0, -110.544)
script = ExtResource("8_tereu")
platform_scenes = Array[PackedScene]([ExtResource("18_obt1j")])
randomize_in_editor = true

[node name="@Node3D@39699" type="Node3D" parent="Level" instance=ExtResource("7_6iypd")]
transform = Transform3D(-0.794373, 0, -0.60743, 0, 1, 0, 0.60743, 0, -0.794373, 8.43147, 0, -84.6975)
script = ExtResource("8_tereu")
platform_scenes = Array[PackedScene]([ExtResource("9_cdqbm"), ExtResource("10_imku0"), ExtResource("19_obt1j"), ExtResource("9_cdqbm"), ExtResource("10_imku0")])
randomize_in_editor = true

[node name="@Node3D@39701" type="Node3D" parent="Level" instance=ExtResource("11_imku0")]
transform = Transform3D(0.999947, 0, -0.0102745, 0, 1, 0, 0.0102745, 0, 0.999947, 8.63896, 0, -90.3497)
script = ExtResource("8_tereu")
platform_scenes = Array[PackedScene]([ExtResource("12_wlxy5"), ExtResource("13_3v7ru"), ExtResource("22_2yde8")])
randomize_in_editor = true

[node name="@Node3D@39703" type="Node3D" parent="Level" instance=ExtResource("11_imku0")]
transform = Transform3D(0.922071, 0, -0.38702, 0, 1, 0, 0.38702, 0, 0.922071, 9.91809, 0, -93.1467)
script = ExtResource("8_tereu")
platform_scenes = Array[PackedScene]([ExtResource("12_wlxy5"), ExtResource("13_3v7ru"), ExtResource("22_2yde8")])
randomize_in_editor = true

[node name="@Node3D@39705" type="Node3D" parent="Level" instance=ExtResource("7_6iypd")]
transform = Transform3D(-0.844519, 0, 0.535525, 0, 1, 0, -0.535525, 0, -0.844519, 9.51196, 0, -72.1929)
script = ExtResource("8_tereu")
platform_scenes = Array[PackedScene]([ExtResource("9_cdqbm"), ExtResource("10_imku0"), ExtResource("19_obt1j"), ExtResource("9_cdqbm"), ExtResource("10_imku0")])
randomize_in_editor = true

[node name="@Node3D@39707" type="Node3D" parent="Level" instance=ExtResource("7_6iypd")]
transform = Transform3D(-0.31368, 0, -0.949529, 0, 1, 0, 0.949529, 0, -0.31368, 10.9604, 0, -79.2357)
script = ExtResource("8_tereu")
platform_scenes = Array[PackedScene]([ExtResource("9_cdqbm"), ExtResource("10_imku0"), ExtResource("19_obt1j"), ExtResource("9_cdqbm"), ExtResource("10_imku0")])
randomize_in_editor = true

[node name="@Node3D@39709" type="Node3D" parent="Level" instance=ExtResource("7_6iypd")]
transform = Transform3D(-0.577694, 0, 0.816253, 0, 1, 0, -0.816253, 0, -0.577694, 11.221, 0, -61.1423)
script = ExtResource("8_tereu")
platform_scenes = Array[PackedScene]([ExtResource("9_cdqbm"), ExtResource("10_imku0"), ExtResource("19_obt1j"), ExtResource("9_cdqbm"), ExtResource("10_imku0")])
randomize_in_editor = true

[node name="@Node3D@39711" type="Node3D" parent="Level" instance=ExtResource("17_nu31w")]
transform = Transform3D(-0.926208, 0, 0.377014, 0, 1, 0, -0.377014, 0, -0.926208, 11.9369, 0, -67.8723)
script = ExtResource("8_tereu")
platform_scenes = Array[PackedScene]([ExtResource("18_obt1j")])
randomize_in_editor = true

[node name="@Node3D@39713" type="Node3D" parent="Level" instance=ExtResource("7_6iypd")]
transform = Transform3D(-0.0639921, 0, -0.99795, 0, 1, 0, 0.99795, 0, -0.0639921, -3.01686, 0, -32.4801)
script = ExtResource("8_tereu")
platform_scenes = Array[PackedScene]([ExtResource("9_cdqbm"), ExtResource("10_imku0"), ExtResource("19_obt1j"), ExtResource("9_cdqbm"), ExtResource("10_imku0")])
randomize_in_editor = true

[node name="@Node3D@39715" type="Node3D" parent="Level" instance=ExtResource("17_nu31w")]
transform = Transform3D(0.546114, 0, -0.837711, 0, 1, 0, 0.837711, 0, 0.546114, -3.29781, 0, -37.7985)
script = ExtResource("8_tereu")
platform_scenes = Array[PackedScene]([ExtResource("18_obt1j")])
randomize_in_editor = true

[node name="@Node3D@39717" type="Node3D" parent="Level" instance=ExtResource("17_nu31w")]
transform = Transform3D(0.448544, 0, 0.893761, 0, 1, 0, -0.893761, 0, 0.448544, -4.91386, 0, -41.2375)
script = ExtResource("8_tereu")
platform_scenes = Array[PackedScene]([ExtResource("18_obt1j")])
randomize_in_editor = true

[node name="@Node3D@39719" type="Node3D" parent="Level" instance=ExtResource("11_imku0")]
transform = Transform3D(0.713544, 0, 0.70061, 0, 1, 0, -0.70061, 0, 0.713544, -5.73073, 0, -44.4378)
script = ExtResource("8_tereu")
platform_scenes = Array[PackedScene]([ExtResource("12_wlxy5"), ExtResource("13_3v7ru"), ExtResource("22_2yde8")])
randomize_in_editor = true

[node name="@Node3D@39721" type="Node3D" parent="Level" instance=ExtResource("17_nu31w")]
transform = Transform3D(-0.192215, 0, -0.981353, 0, 1, 0, 0.981353, 0, -0.192215, -6.57757, 0, -50.593)
script = ExtResource("8_tereu")
platform_scenes = Array[PackedScene]([ExtResource("18_obt1j")])
randomize_in_editor = true

[node name="@Node3D@39723" type="Node3D" parent="Level" instance=ExtResource("17_nu31w")]
