[gd_scene load_steps=34 format=3 uid="uid://3f7k8dolqfhh"]

[ext_resource type="PackedScene" uid="uid://g4tbrr3sfui2" path="res://player.tscn" id="1_a202f"]
[ext_resource type="Script" uid="uid://b85s3xfg6xv8i" path="res://game_manager.gd" id="1_tereu"]
[ext_resource type="FontFile" uid="uid://decj3qo5pg26d" path="res://kirifont/KiriFont.otf" id="2_cdqbm"]
[ext_resource type="LabelSettings" uid="uid://b32jxxg8k3j45" path="res://custom.tres" id="2_tereu"]
[ext_resource type="LabelSettings" uid="uid://c2fbmgdggtmr8" path="res://leaderboard.tres" id="4_imku0"]
[ext_resource type="PackedScene" uid="uid://o6nh6fno5b0d" path="res://level/level.tscn" id="6_i5arm"]
[ext_resource type="PackedScene" uid="uid://berc3ktdu00jq" path="res://water_grid.tscn" id="6_jsk3o"]
[ext_resource type="PackedScene" uid="uid://cloxm7yrf3dau" path="res://player4.tscn" id="6_vxd74"]
[ext_resource type="PackedScene" uid="uid://6kx5nm2ecru" path="res://items/generators/items.tscn" id="6_wc5p8"]
[ext_resource type="PackedScene" uid="uid://bgowpuve5rom4" path="res://level/1x1/1x1.tscn" id="7_6iypd"]
[ext_resource type="PackedScene" uid="uid://cwjt7a54ooioq" path="res://player3.tscn" id="7_dhlwf"]
[ext_resource type="PackedScene" uid="uid://oa4gk1w85htb" path="res://kill_zone.tscn" id="7_wc5p8"]
[ext_resource type="PackedScene" uid="uid://685x3hhuvr5l" path="res://player2.tscn" id="8_5t8nk"]
[ext_resource type="Script" uid="uid://4ohwjxvwlf14" path="res://scripts/random_platform.gd" id="8_tereu"]
[ext_resource type="PackedScene" uid="uid://bau54xbcyquty" path="res://goal.tscn" id="9_4arys"]
[ext_resource type="PackedScene" uid="uid://evotmterwgic" path="res://level/1x1/0.tscn" id="9_cdqbm"]
[ext_resource type="PackedScene" uid="uid://bq3jgcl0fepk2" path="res://level/1x1/1.tscn" id="10_imku0"]
[ext_resource type="PackedScene" uid="uid://bct2vsr7ymxi4" path="res://level/2x2/2x2.tscn" id="11_imku0"]
[ext_resource type="PackedScene" uid="uid://l2l3mvvrqhsu" path="res://level/2x2/0.tscn" id="12_wlxy5"]
[ext_resource type="PackedScene" uid="uid://da3dp6rlapf65" path="res://level/2x2/1.tscn" id="13_3v7ru"]
[ext_resource type="PackedScene" uid="uid://ck51bdne8ldwv" path="res://island.tscn" id="14_wlxy5"]
[ext_resource type="PackedScene" uid="uid://bpulflnw0vw5l" path="res://level/2x1/2x1.tscn" id="17_nu31w"]
[ext_resource type="PackedScene" uid="uid://dviuybxhwu1ho" path="res://level/2x1/0.tscn" id="18_obt1j"]
[ext_resource type="PackedScene" uid="uid://gof5kolddo3a" path="res://level/1x1/2.tscn" id="19_obt1j"]
[ext_resource type="PackedScene" uid="uid://bsmlem37lo4th" path="res://level/2x2/2.tscn" id="22_2yde8"]
[ext_resource type="PackedScene" uid="uid://csmc4dfieimjx" path="res://meshes/Startplatform/Startingplatform.tscn" id="24_dhlwf"]
[ext_resource type="PackedScene" uid="uid://b5bxwo0db64jg" path="res://meshes/Chest/chest.glb" id="24_nu31w"]

[sub_resource type="LabelSettings" id="LabelSettings_cdqbm"]
font = ExtResource("2_cdqbm")
font_size = 300
outline_size = 40
outline_color = Color(0, 0, 0, 1)

[sub_resource type="StyleBoxFlat" id="StyleBoxFlat_cdqbm"]
bg_color = Color(7.52043e-08, 0.0590926, 0.150703, 0.411765)

[sub_resource type="ProceduralSkyMaterial" id="ProceduralSkyMaterial_noarx"]

[sub_resource type="Sky" id="Sky_noarx"]
sky_material = SubResource("ProceduralSkyMaterial_noarx")

[sub_resource type="Environment" id="Environment_a0tk4"]
background_mode = 2
background_energy_multiplier = 2.5
sky = SubResource("Sky_noarx")

[sub_resource type="CameraAttributesPractical" id="CameraAttributesPractical_noarx"]

[node name="Game" type="Node3D"]

[node name="GameManager" type="Node" parent="."]
script = ExtResource("1_tereu")

[node name="CanvasLayer" type="CanvasLayer" parent="GameManager"]
layer = 100

[node name="SharedLabel" type="Label" parent="GameManager/CanvasLayer"]
custom_minimum_size = Vector2(400, 400)
anchors_preset = 8
anchor_left = 0.5
anchor_top = 0.5
anchor_right = 0.5
anchor_bottom = 0.5
offset_left = -960.0
offset_top = -540.0
offset_right = 960.0
offset_bottom = 540.0
grow_horizontal = 2
grow_vertical = 2
pivot_offset = Vector2(960, 540)
size_flags_vertical = 1
theme_override_font_sizes/font_size = 50
label_settings = ExtResource("2_tereu")
horizontal_alignment = 1
vertical_alignment = 1
autowrap_mode = 2
metadata/_edit_use_anchors_ = true

[node name="SharedLabel2" type="Label" parent="GameManager/CanvasLayer"]
custom_minimum_size = Vector2(2000, 1200)
anchors_preset = 8
anchor_left = 0.5
anchor_top = 0.5
anchor_right = 0.5
anchor_bottom = 0.5
offset_left = -1000.0
offset_top = -600.0
offset_right = 1000.0
offset_bottom = 600.0
grow_horizontal = 2
grow_vertical = 2
size_flags_vertical = 1
text = " "
label_settings = SubResource("LabelSettings_cdqbm")
horizontal_alignment = 1
vertical_alignment = 1
autowrap_mode = 2
metadata/_edit_use_anchors_ = true

[node name="opacity" type="Panel" parent="GameManager/CanvasLayer"]
visible = false
anchors_preset = 15
anchor_right = 1.0
anchor_bottom = 1.0
grow_horizontal = 2
grow_vertical = 2
size_flags_horizontal = 4
size_flags_vertical = 4
theme_override_styles/panel = SubResource("StyleBoxFlat_cdqbm")

[node name="Leaderboard" type="Panel" parent="GameManager/CanvasLayer/opacity"]
custom_minimum_size = Vector2(500, 500)
layout_mode = 1
anchors_preset = 8
anchor_left = 0.5
anchor_top = 0.5
anchor_right = 0.5
anchor_bottom = 0.5
offset_left = -250.0
offset_top = -250.0
offset_right = 250.0
offset_bottom = 250.0
grow_horizontal = 2
grow_vertical = 2

[node name="VBoxContainer" type="VBoxContainer" parent="GameManager/CanvasLayer/opacity/Leaderboard"]
layout_mode = 1
anchors_preset = 15
anchor_right = 1.0
anchor_bottom = 1.0
grow_horizontal = 2
grow_vertical = 2
theme_override_constants/separation = 20

[node name="Score1st" type="Label" parent="GameManager/CanvasLayer/opacity/Leaderboard/VBoxContainer"]
custom_minimum_size = Vector2(100, 100)
layout_mode = 2
size_flags_vertical = 3
label_settings = ExtResource("4_imku0")
horizontal_alignment = 1
vertical_alignment = 1
autowrap_mode = 2

[node name="Score2nd" type="Label" parent="GameManager/CanvasLayer/opacity/Leaderboard/VBoxContainer"]
custom_minimum_size = Vector2(100, 100)
layout_mode = 2
size_flags_vertical = 3
label_settings = ExtResource("4_imku0")
horizontal_alignment = 1
vertical_alignment = 1
autowrap_mode = 2

[node name="Score3rd" type="Label" parent="GameManager/CanvasLayer/opacity/Leaderboard/VBoxContainer"]
custom_minimum_size = Vector2(100, 100)
layout_mode = 2
size_flags_vertical = 3
label_settings = ExtResource("4_imku0")
horizontal_alignment = 1
vertical_alignment = 1
autowrap_mode = 2

[node name="Score4th" type="Label" parent="GameManager/CanvasLayer/opacity/Leaderboard/VBoxContainer"]
custom_minimum_size = Vector2(100, 100)
layout_mode = 2
size_flags_vertical = 3
label_settings = ExtResource("4_imku0")
horizontal_alignment = 1
vertical_alignment = 1
autowrap_mode = 2

[node name="Leaderboard2" type="Panel" parent="GameManager/CanvasLayer/opacity"]
visible = false
custom_minimum_size = Vector2(1000, 150)
layout_mode = 1
anchors_preset = 8
anchor_left = 0.5
anchor_top = 0.5
anchor_right = 0.5
anchor_bottom = 0.5
offset_left = -500.0
offset_top = 140.0
offset_right = 500.0
offset_bottom = 290.0
grow_horizontal = 2
grow_vertical = 2

[node name="MarginContainer" type="MarginContainer" parent="GameManager/CanvasLayer/opacity/Leaderboard2"]
layout_mode = 1
anchors_preset = 15
anchor_right = 1.0
anchor_bottom = 1.0
grow_horizontal = 2
grow_vertical = 2
theme_override_constants/margin_left = 30
theme_override_constants/margin_top = 30
theme_override_constants/margin_right = 30
theme_override_constants/margin_bottom = 30

[node name="HBoxContainer" type="HBoxContainer" parent="GameManager/CanvasLayer/opacity/Leaderboard2/MarginContainer"]
custom_minimum_size = Vector2(1000, 0)
layout_mode = 2
theme_override_constants/separation = 100

[node name="Options" type="Button" parent="GameManager/CanvasLayer/opacity/Leaderboard2/MarginContainer/HBoxContainer"]
layout_mode = 2
size_flags_horizontal = 3
size_flags_vertical = 3
theme_override_fonts/font = ExtResource("2_cdqbm")
theme_override_font_sizes/font_size = 50
text = "Options"

[node name="StartGame" type="Button" parent="GameManager/CanvasLayer/opacity/Leaderboard2/MarginContainer/HBoxContainer"]
layout_mode = 2
size_flags_horizontal = 3
size_flags_vertical = 3
theme_override_fonts/font = ExtResource("2_cdqbm")
theme_override_font_sizes/font_size = 50
text = "Restart"

[node name="Quit" type="Button" parent="GameManager/CanvasLayer/opacity/Leaderboard2/MarginContainer/HBoxContainer"]
layout_mode = 2
size_flags_horizontal = 3
size_flags_vertical = 3
theme_override_fonts/font = ExtResource("2_cdqbm")
theme_override_font_sizes/font_size = 50
text = "quit"

[node name="DirectionalLight3D" type="DirectionalLight3D" parent="."]
transform = Transform3D(-0.534213, -0.815404, -0.223011, -0.284691, -0.0748638, 0.955692, -0.79597, 0.574032, -0.192145, -4.2404, 11.0469, -3.46405)
shadow_enabled = true

[node name="WorldEnvironment" type="WorldEnvironment" parent="."]
environment = SubResource("Environment_a0tk4")
camera_attributes = SubResource("CameraAttributesPractical_noarx")

[node name="GridContainer" type="GridContainer" parent="."]
anchors_preset = 15
anchor_right = 1.0
anchor_bottom = 1.0
grow_horizontal = 2
grow_vertical = 2
columns = 2

[node name="SubViewportContainer" type="SubViewportContainer" parent="GridContainer"]
layout_mode = 2
size_flags_horizontal = 3
size_flags_vertical = 3
stretch = true

[node name="SubViewport" type="SubViewport" parent="GridContainer/SubViewportContainer"]
handle_input_locally = false
size = Vector2i(958, 538)
render_target_update_mode = 4

[node name="Player" parent="GridContainer/SubViewportContainer/SubViewport" instance=ExtResource("1_a202f")]
transform = Transform3D(1, 0, 0, 0, 1, 0, 0, 0, 1, 0, 10, 0)
axis_lock_angular_y = true

[node name="IconTexture" type="TextureRect" parent="GridContainer/SubViewportContainer/SubViewport/Player"]
offset_right = 150.0
offset_bottom = 150.0
expand_mode = 1

[node name="PointsLabel" type="Label" parent="GridContainer/SubViewportContainer/SubViewport/Player"]
anchors_preset = 2
anchor_top = 1.0
anchor_bottom = 1.0
offset_top = -23.0
offset_right = 79.0
grow_vertical = 0

[node name="MarginContainer" type="MarginContainer" parent="GridContainer/SubViewportContainer/SubViewport/Player"]
visible = false
offset_left = 20.0
offset_top = 20.0
offset_right = 60.0
offset_bottom = 61.0

[node name="CurrItemLabel" type="Label" parent="GridContainer/SubViewportContainer/SubViewport/Player/MarginContainer"]
layout_mode = 2

[node name="SubViewportContainer2" type="SubViewportContainer" parent="GridContainer"]
layout_mode = 2
size_flags_horizontal = 3
size_flags_vertical = 3
stretch = true

[node name="SubViewport" type="SubViewport" parent="GridContainer/SubViewportContainer2"]
handle_input_locally = false
size = Vector2i(958, 538)
render_target_update_mode = 4

[node name="Player2" parent="GridContainer/SubViewportContainer2/SubViewport" instance=ExtResource("8_5t8nk")]
transform = Transform3D(1, 0, 0, 0, 1, 0, 0, 0, 1, 2.5, 10, 0)

[node name="PointsLabel" type="Label" parent="GridContainer/SubViewportContainer2/SubViewport/Player2"]
anchors_preset = 3
anchor_left = 1.0
anchor_top = 1.0
anchor_right = 1.0
anchor_bottom = 1.0
offset_left = -79.0
offset_top = -41.0
grow_horizontal = 0
grow_vertical = 0

[node name="MarginContainer" type="MarginContainer" parent="GridContainer/SubViewportContainer2/SubViewport/Player2"]
visible = false
anchors_preset = 1
anchor_left = 1.0
anchor_right = 1.0
offset_left = -40.0
offset_bottom = 41.0
grow_horizontal = 0

[node name="CurrItemLabel" type="Label" parent="GridContainer/SubViewportContainer2/SubViewport/Player2/MarginContainer"]
layout_mode = 2

[node name="IconTexture" type="TextureRect" parent="GridContainer/SubViewportContainer2/SubViewport/Player2"]
anchors_preset = 1
anchor_left = 1.0
anchor_right = 1.0
offset_left = -150.0
offset_bottom = 150.0
grow_horizontal = 0
expand_mode = 1

[node name="SubViewportContainer3" type="SubViewportContainer" parent="GridContainer"]
layout_mode = 2
size_flags_horizontal = 3
size_flags_vertical = 3
stretch = true

[node name="SubViewport" type="SubViewport" parent="GridContainer/SubViewportContainer3"]
handle_input_locally = false
size = Vector2i(958, 538)
render_target_update_mode = 4

[node name="Player3" parent="GridContainer/SubViewportContainer3/SubViewport" instance=ExtResource("7_dhlwf")]
transform = Transform3D(1, 0, 0, 0, 1, 0, 0, 0, 1, 5, 10, 0)

[node name="IconTexture" type="TextureRect" parent="GridContainer/SubViewportContainer3/SubViewport/Player3"]
anchors_preset = 2
anchor_top = 1.0
anchor_bottom = 1.0
offset_top = -150.0
offset_right = 150.0
grow_vertical = 0
expand_mode = 1

[node name="PointsLabel" type="Label" parent="GridContainer/SubViewportContainer3/SubViewport/Player3"]
anchors_preset = 2
anchor_top = 1.0
anchor_bottom = 1.0
offset_top = -41.0
offset_right = 79.0
grow_vertical = 0

[node name="MarginContainer" type="MarginContainer" parent="GridContainer/SubViewportContainer3/SubViewport/Player3"]
visible = false
anchors_preset = 2
anchor_top = 1.0
anchor_bottom = 1.0
offset_top = -41.0
offset_right = 40.0
grow_vertical = 0

[node name="CurrItemLabel" type="Label" parent="GridContainer/SubViewportContainer3/SubViewport/Player3/MarginContainer"]
layout_mode = 2

[node name="SubViewportContainer4" type="SubViewportContainer" parent="GridContainer"]
layout_mode = 2
size_flags_horizontal = 3
size_flags_vertical = 3
stretch = true

[node name="SubViewport" type="SubViewport" parent="GridContainer/SubViewportContainer4"]
handle_input_locally = false
size = Vector2i(958, 538)
render_target_update_mode = 4

[node name="Player4" parent="GridContainer/SubViewportContainer4/SubViewport" instance=ExtResource("6_vxd74")]
transform = Transform3D(1, 0, 0, 0, 1, 0, 0, 0, 1, 7.5, 10, 0)

[node name="IconTexture" type="TextureRect" parent="GridContainer/SubViewportContainer4/SubViewport/Player4"]
anchors_preset = 3
anchor_left = 1.0
anchor_top = 1.0
anchor_right = 1.0
anchor_bottom = 1.0
offset_left = -150.0
offset_top = -150.0
grow_horizontal = 0
grow_vertical = 0
expand_mode = 1

[node name="PointsLabel" type="Label" parent="GridContainer/SubViewportContainer4/SubViewport/Player4"]
anchors_preset = 3
anchor_left = 1.0
anchor_top = 1.0
anchor_right = 1.0
anchor_bottom = 1.0
offset_left = -79.0
offset_top = -41.0
grow_horizontal = 0
grow_vertical = 0

[node name="MarginContainer" type="MarginContainer" parent="GridContainer/SubViewportContainer4/SubViewport/Player4"]
visible = false
anchors_preset = 3
anchor_left = 1.0
anchor_top = 1.0
anchor_right = 1.0
anchor_bottom = 1.0
offset_left = -40.0
offset_top = -41.0
grow_horizontal = 0
grow_vertical = 0

[node name="CurrItemLabel" type="Label" parent="GridContainer/SubViewportContainer4/SubViewport/Player4/MarginContainer"]
layout_mode = 2

[node name="Items" parent="." instance=ExtResource("6_wc5p8")]

[node name="Level" parent="." instance=ExtResource("6_i5arm")]

[node name="Node3D" type="Node3D" parent="Level" instance=ExtResource("7_6iypd")]
transform = Transform3D(-0.959041, 0, 0.283267, 0, 1, 0, -0.283267, 0, -0.959041, 0, 0, 0)
script = ExtResource("8_tereu")
platform_scenes = Array[PackedScene]([ExtResource("9_cdqbm"), ExtResource("10_imku0"), ExtResource("19_obt1j"), ExtResource("9_cdqbm"), ExtResource("10_imku0")])
randomize_in_editor = true

[node name="@Node3D@43137" type="Node3D" parent="Level" instance=ExtResource("11_imku0")]
transform = Transform3D(-0.900418, 0, -0.435027, 0, 1, 0, 0.435027, 0, -0.900418, -0.239375, 0, -4.35186)
script = ExtResource("8_tereu")
platform_scenes = Array[PackedScene]([ExtResource("12_wlxy5"), ExtResource("13_3v7ru"), ExtResource("22_2yde8")])
randomize_in_editor = true

[node name="@Node3D@43139" type="Node3D" parent="Level" instance=ExtResource("11_imku0")]
transform = Transform3D(-0.966893, 0, -0.255182, 0, 1, 0, 0.255182, 0, -0.966893, 0.0189514, 0, -10.6654)
script = ExtResource("8_tereu")
platform_scenes = Array[PackedScene]([ExtResource("12_wlxy5"), ExtResource("13_3v7ru"), ExtResource("22_2yde8")])
randomize_in_editor = true

[node name="@Node3D@43141" type="Node3D" parent="Level" instance=ExtResource("11_imku0")]
transform = Transform3D(0.936276, 0, 0.351264, 0, 1, 0, -0.351264, 0, 0.936276, 2.94083, 0, -13.6581)
script = ExtResource("8_tereu")
platform_scenes = Array[PackedScene]([ExtResource("12_wlxy5"), ExtResource("13_3v7ru"), ExtResource("22_2yde8")])
randomize_in_editor = true

[node name="@Node3D@43143" type="Node3D" parent="Level" instance=ExtResource("7_6iypd")]
transform = Transform3D(-0.894466, 0, -0.447136, 0, 1, 0, 0.447136, 0, -0.894466, 6.03278, 0, -19.1039)
script = ExtResource("8_tereu")
platform_scenes = Array[PackedScene]([ExtResource("9_cdqbm"), ExtResource("10_imku0"), ExtResource("19_obt1j"), ExtResource("9_cdqbm"), ExtResource("10_imku0")])
randomize_in_editor = true

[node name="@Node3D@43145" type="Node3D" parent="Level" instance=ExtResource("11_imku0")]
transform = Transform3D(0.816576, 0, 0.577238, 0, 1, 0, -0.577238, 0, 0.816576, 7.65537, 0, -23.4756)
script = ExtResource("8_tereu")
platform_scenes = Array[PackedScene]([ExtResource("12_wlxy5"), ExtResource("13_3v7ru"), ExtResource("22_2yde8")])
randomize_in_editor = true

[node name="@Node3D@43147" type="Node3D" parent="Level" instance=ExtResource("17_nu31w")]
transform = Transform3D(0.767381, 0, 0.641191, 0, 1, 0, -0.641191, 0, 0.767381, 8.11577, 0, -27.0314)
script = ExtResource("8_tereu")
platform_scenes = Array[PackedScene]([ExtResource("18_obt1j")])
randomize_in_editor = true

[node name="@Node3D@43149" type="Node3D" parent="Level" instance=ExtResource("11_imku0")]
transform = Transform3D(-0.540969, 0, 0.841042, 0, 1, 0, -0.841042, 0, -0.540969, 9.12997, 0, -30.4425)
script = ExtResource("8_tereu")
platform_scenes = Array[PackedScene]([ExtResource("12_wlxy5"), ExtResource("13_3v7ru"), ExtResource("22_2yde8")])
randomize_in_editor = true

[node name="@Node3D@43151" type="Node3D" parent="Level" instance=ExtResource("7_6iypd")]
transform = Transform3D(0.190694, 0, 0.98165, 0, 1, 0, -0.98165, 0, 0.190694, 11.9527, 0, -34.5987)
script = ExtResource("8_tereu")
platform_scenes = Array[PackedScene]([ExtResource("9_cdqbm"), ExtResource("10_imku0"), ExtResource("19_obt1j"), ExtResource("9_cdqbm"), ExtResource("10_imku0")])
randomize_in_editor = true

[node name="@Node3D@43153" type="Node3D" parent="Level" instance=ExtResource("11_imku0")]
transform = Transform3D(0.404766, 0, -0.91442, 0, 1, 0, 0.91442, 0, 0.404766, 11.8577, 0, -40.4919)
script = ExtResource("8_tereu")
platform_scenes = Array[PackedScene]([ExtResource("12_wlxy5"), ExtResource("13_3v7ru"), ExtResource("22_2yde8")])
randomize_in_editor = true

[node name="@Node3D@43155" type="Node3D" parent="Level" instance=ExtResource("7_6iypd")]
transform = Transform3D(-0.367876, 0, 0.929875, 0, 1, 0, -0.929875, 0, -0.367876, 8.3137, 0, -44.433)
script = ExtResource("8_tereu")
platform_scenes = Array[PackedScene]([ExtResource("9_cdqbm"), ExtResource("10_imku0"), ExtResource("19_obt1j"), ExtResource("9_cdqbm"), ExtResource("10_imku0")])
randomize_in_editor = true

[node name="@Node3D@43157" type="Node3D" parent="Level" instance=ExtResource("17_nu31w")]
transform = Transform3D(0.0178128, 0, -0.999841, 0, 1, 0, 0.999841, 0, 0.0178128, 4.30542, 0, -48.9702)
script = ExtResource("8_tereu")
platform_scenes = Array[PackedScene]([ExtResource("18_obt1j")])
randomize_in_editor = true

[node name="@Node3D@43159" type="Node3D" parent="Level" instance=ExtResource("11_imku0")]
transform = Transform3D(0.610726, 0, 0.791842, 0, 1, 0, -0.791842, 0, 0.610726, 1.78316, 0, -55.829)
script = ExtResource("8_tereu")
platform_scenes = Array[PackedScene]([ExtResource("12_wlxy5"), ExtResource("13_3v7ru"), ExtResource("22_2yde8")])
randomize_in_editor = true

[node name="@Node3D@43161" type="Node3D" parent="Level" instance=ExtResource("7_6iypd")]
transform = Transform3D(-0.8726, 0, 0.488435, 0, 1, 0, -0.488435, 0, -0.8726, 0.211279, 0, -58.4045)
script = ExtResource("8_tereu")
platform_scenes = Array[PackedScene]([ExtResource("9_cdqbm"), ExtResource("10_imku0"), ExtResource("19_obt1j"), ExtResource("9_cdqbm"), ExtResource("10_imku0")])
randomize_in_editor = true

[node name="@Node3D@43163" type="Node3D" parent="Level" instance=ExtResource("17_nu31w")]
transform = Transform3D(-0.137454, 0, 0.990508, 0, 1, 0, -0.990508, 0, -0.137454, 0.96262, 0, -61.9085)
script = ExtResource("8_tereu")
platform_scenes = Array[PackedScene]([ExtResource("18_obt1j")])
randomize_in_editor = true

[node name="@Node3D@43165" type="Node3D" parent="Level" instance=ExtResource("17_nu31w")]
transform = Transform3D(-0.178235, 0, -0.983988, 0, 1, 0, 0.983988, 0, -0.178235, -0.870882, 0, -66.4614)
script = ExtResource("8_tereu")
platform_scenes = Array[PackedScene]([ExtResource("18_obt1j")])
randomize_in_editor = true

[node name="@Node3D@43167" type="Node3D" parent="Level" instance=ExtResource("7_6iypd")]
transform = Transform3D(-0.756808, 0, 0.653637, 0, 1, 0, -0.653637, 0, -0.756808, -1.77786, 0, -71.7776)
script = ExtResource("8_tereu")
platform_scenes = Array[PackedScene]([ExtResource("9_cdqbm"), ExtResource("10_imku0"), ExtResource("19_obt1j"), ExtResource("9_cdqbm"), ExtResource("10_imku0")])
randomize_in_editor = true

[node name="@Node3D@43169" type="Node3D" parent="Level" instance=ExtResource("11_imku0")]
transform = Transform3D(-0.436802, 0, 0.899558, 0, 1, 0, -0.899558, 0, -0.436802, -1.67157, 0, -76.8509)
script = ExtResource("8_tereu")
platform_scenes = Array[PackedScene]([ExtResource("12_wlxy5"), ExtResource("13_3v7ru"), ExtResource("22_2yde8")])
randomize_in_editor = true

[node name="@Node3D@43171" type="Node3D" parent="Level" instance=ExtResource("7_6iypd")]
transform = Transform3D(-0.0798723, 0, -0.996805, 0, 1, 0, 0.996805, 0, -0.0798723, -5.86004, 0, -81.1652)
script = ExtResource("8_tereu")
platform_scenes = Array[PackedScene]([ExtResource("9_cdqbm"), ExtResource("10_imku0"), ExtResource("19_obt1j"), ExtResource("9_cdqbm"), ExtResource("10_imku0")])
randomize_in_editor = true

[node name="@Node3D@43173" type="Node3D" parent="Level" instance=ExtResource("7_6iypd")]
transform = Transform3D(0.994259, 0, -0.106999, 0, 1, 0, 0.106999, 0, 0.994259, -3.29515, 0, -84.6195)
script = ExtResource("8_tereu")
platform_scenes = Array[PackedScene]([ExtResource("9_cdqbm"), ExtResource("10_imku0"), ExtResource("19_obt1j"), ExtResource("9_cdqbm"), ExtResource("10_imku0")])
randomize_in_editor = true

[node name="@Node3D@43175" type="Node3D" parent="Level" instance=ExtResource("11_imku0")]
transform = Transform3D(0.995497, 0, 0.0947897, 0, 1, 0, -0.0947897, 0, 0.995497, -3.12693, 0, -89.8367)
script = ExtResource("8_tereu")
platform_scenes = Array[PackedScene]([ExtResource("12_wlxy5"), ExtResource("13_3v7ru"), ExtResource("22_2yde8")])
randomize_in_editor = true

[node name="@Node3D@43177" type="Node3D" parent="Level" instance=ExtResource("11_imku0")]
transform = Transform3D(0.889691, 0, -0.456564, 0, 1, 0, 0.456564, 0, 0.889691, -4.19151, 0, -94.8781)
script = ExtResource("8_tereu")
platform_scenes = Array[PackedScene]([ExtResource("12_wlxy5"), ExtResource("13_3v7ru"), ExtResource("22_2yde8")])
randomize_in_editor = true

[node name="@Node3D@43179" type="Node3D" parent="Level" instance=ExtResource("7_6iypd")]
transform = Transform3D(-0.426427, 0, -0.904522, 0, 1, 0, 0.904522, 0, -0.426427, -2.39228, 0, -96.87)
script = ExtResource("8_tereu")
platform_scenes = Array[PackedScene]([ExtResource("9_cdqbm"), ExtResource("10_imku0"), ExtResource("19_obt1j"), ExtResource("9_cdqbm"), ExtResource("10_imku0")])
randomize_in_editor = true

[node name="@Node3D@43181" type="Node3D" parent="Level" instance=ExtResource("11_imku0")]
transform = Transform3D(0.333121, 0, -0.942884, 0, 1, 0, 0.942884, 0, 0.333121, -2.55559, 0, -102.019)
script = ExtResource("8_tereu")
platform_scenes = Array[PackedScene]([ExtResource("12_wlxy5"), ExtResource("13_3v7ru"), ExtResource("22_2yde8")])
randomize_in_editor = true

[node name="@Node3D@43183" type="Node3D" parent="Level" instance=ExtResource("17_nu31w")]
transform = Transform3D(0.183789, 0, -0.982966, 0, 1, 0, 0.982966, 0, 0.183789, -1.79246, 0, -108.997)
script = ExtResource("8_tereu")
platform_scenes = Array[PackedScene]([ExtResource("18_obt1j")])
randomize_in_editor = true

[node name="@Node3D@43185" type="Node3D" parent="Level" instance=ExtResource("17_nu31w")]
transform = Transform3D(0.977412, 0, 0.211342, 0, 1, 0, -0.211342, 0, 0.977412, -5.5772, 0, -113.055)
script = ExtResource("8_tereu")
platform_scenes = Array[PackedScene]([ExtResource("18_obt1j")])
randomize_in_editor = true

[node name="@Node3D@43187" type="Node3D" parent="Level" instance=ExtResource("7_6iypd")]
transform = Transform3D(0.678524, 0, -0.734578, 0, 1, 0, 0.734578, 0, 0.678524, -6.46305, 0, -116.535)
script = ExtResource("8_tereu")
platform_scenes = Array[PackedScene]([ExtResource("9_cdqbm"), ExtResource("10_imku0"), ExtResource("19_obt1j"), ExtResource("9_cdqbm"), ExtResource("10_imku0")])
randomize_in_editor = true

[node name="@Node3D@43189" type="Node3D" parent="Level" instance=ExtResource("17_nu31w")]
transform = Transform3D(-0.995851, 0, 0.0910029, 0, 1, 0, -0.0910029, 0, -0.995851, -6.01169, 0, -121.784)
script = ExtResource("8_tereu")
platform_scenes = Array[PackedScene]([ExtResource("18_obt1j")])
randomize_in_editor = true

[node name="@Node3D@43191" type="Node3D" parent="Level" instance=ExtResource("11_imku0")]
transform = Transform3D(-0.276729, 0, 0.960948, 0, 1, 0, -0.960948, 0, -0.276729, -4.50191, 0, -126.524)
script = ExtResource("8_tereu")
platform_scenes = Array[PackedScene]([ExtResource("12_wlxy5"), ExtResource("13_3v7ru"), ExtResource("22_2yde8")])
randomize_in_editor = true

[node name="@Node3D@43193" type="Node3D" parent="Level" instance=ExtResource("7_6iypd")]
transform = Transform3D(0.634943, 0, 0.772559, 0, 1, 0, -0.772559, 0, 0.634943, -1.41558, 0, -80.3366)
script = ExtResource("8_tereu")
platform_scenes = Array[PackedScene]([ExtResource("9_cdqbm"), ExtResource("10_imku0"), ExtResource("19_obt1j"), ExtResource("9_cdqbm"), ExtResource("10_imku0")])
randomize_in_editor = true

[node name="@Node3D@43195" type="Node3D" parent="Level" instance=ExtResource("17_nu31w")]
transform = Transform3D(-0.927809, 0, 0.373054, 0, 1, 0, -0.373054, 0, -0.927809, 2.77567, 0, -86.0209)
script = ExtResource("8_tereu")
platform_scenes = Array[PackedScene]([ExtResource("18_obt1j")])
randomize_in_editor = true

[node name="@Node3D@43197" type="Node3D" parent="Level" instance=ExtResource("7_6iypd")]
transform = Transform3D(0.473619, 0, -0.88073, 0, 1, 0, 0.88073, 0, 0.473619, 4.48768, 0, -91.4959)
script = ExtResource("8_tereu")
platform_scenes = Array[PackedScene]([ExtResource("9_cdqbm"), ExtResource("10_imku0"), ExtResource("19_obt1j"), ExtResource("9_cdqbm"), ExtResource("10_imku0")])
randomize_in_editor = true

[node name="@Node3D@43199" type="Node3D" parent="Level" instance=ExtResource("17_nu31w")]
transform = Transform3D(-0.95859, 0, 0.284791, 0, 1, 0, -0.284791, 0, -0.95859, 6.29188, 0, -93.7158)
script = ExtResource("8_tereu")
platform_scenes = Array[PackedScene]([ExtResource("18_obt1j")])
randomize_in_editor = true

[node name="@Node3D@43201" type="Node3D" parent="Level" instance=ExtResource("11_imku0")]
transform = Transform3D(0.0440979, 0, -0.999027, 0, 1, 0, 0.999027, 0, 0.0440979, 6.97764, 0, -100.946)
script = ExtResource("8_tereu")
platform_scenes = Array[PackedScene]([ExtResource("12_wlxy5"), ExtResource("13_3v7ru"), ExtResource("22_2yde8")])
randomize_in_editor = true

[node name="@Node3D@43203" type="Node3D" parent="Level" instance=ExtResource("11_imku0")]
transform = Transform3D(-0.0493188, 0, -0.998783, 0, 1, 0, 0.998783, 0, -0.0493188, 9.22722, 0, -103.252)
script = ExtResource("8_tereu")
platform_scenes = Array[PackedScene]([ExtResource("12_wlxy5"), ExtResource("13_3v7ru"), ExtResource("22_2yde8")])
randomize_in_editor = true

[node name="@Node3D@43205" type="Node3D" parent="Level" instance=ExtResource("17_nu31w")]
transform = Transform3D(-0.51456, 0, -0.857454, 0, 1, 0, 0.857454, 0, -0.51456, 7.87712, 0, -106.652)
script = ExtResource("8_tereu")
platform_scenes = Array[PackedScene]([ExtResource("18_obt1j")])
randomize_in_editor = true

[node name="@Node3D@43207" type="Node3D" parent="Level" instance=ExtResource("7_6iypd")]
transform = Transform3D(0.44271, 0, -0.896665, 0, 1, 0, 0.896665, 0, 0.44271, 9.93269, 0, -111.548)
script = ExtResource("8_tereu")
platform_scenes = Array[PackedScene]([ExtResource("9_cdqbm"), ExtResource("10_imku0"), ExtResource("19_obt1j"), ExtResource("9_cdqbm"), ExtResource("10_imku0")])
randomize_in_editor = true

[node name="@Node3D@43209" type="Node3D" parent="Level" instance=ExtResource("11_imku0")]
transform = Transform3D(0.830049, 0, -0.557691, 0, 1, 0, 0.557691, 0, 0.830049, 10.9488, 0, -113.882)
script = ExtResource("8_tereu")
platform_scenes = Array[PackedScene]([ExtResource("12_wlxy5"), ExtResource("13_3v7ru"), ExtResource("22_2yde8")])
randomize_in_editor = true

[node name="@Node3D@43211" type="Node3D" parent="Level" instance=ExtResource("7_6iypd")]
transform = Transform3D(0.679124, 0, 0.734024, 0, 1, 0, -0.734024, 0, 0.679124, 8.69134, 0, -117.94)
script = ExtResource("8_tereu")
platform_scenes = Array[PackedScene]([ExtResource("9_cdqbm"), ExtResource("10_imku0"), ExtResource("19_obt1j"), ExtResource("9_cdqbm"), ExtResource("10_imku0")])
randomize_in_editor = true

[node name="@Node3D@43213" type="Node3D" parent="Level" instance=ExtResource("11_imku0")]
transform = Transform3D(-0.298355, 0, -0.954455, 0, 1, 0, 0.954455, 0, -0.298355, 5.3453, 0, -124.634)
script = ExtResource("8_tereu")
platform_scenes = Array[PackedScene]([ExtResource("12_wlxy5"), ExtResource("13_3v7ru"), ExtResource("22_2yde8")])
randomize_in_editor = true

[node name="@Node3D@43215" type="Node3D" parent="Level" instance=ExtResource("7_6iypd")]
transform = Transform3D(0.704323, 0, 0.709879, 0, 1, 0, -0.709879, 0, 0.704323, 5.31397, 0, -127.709)
script = ExtResource("8_tereu")
platform_scenes = Array[PackedScene]([ExtResource("9_cdqbm"), ExtResource("10_imku0"), ExtResource("19_obt1j"), ExtResource("9_cdqbm"), ExtResource("10_imku0")])
randomize_in_editor = true

[node name="@Node3D@43217" type="Node3D" parent="Level" instance=ExtResource("17_nu31w")]
transform = Transform3D(0.447587, 0, 0.89424, 0, 1, 0, -0.89424, 0, 0.447587, 7.57387, 0, -120.362)
script = ExtResource("8_tereu")
platform_scenes = Array[PackedScene]([ExtResource("18_obt1j")])
randomize_in_editor = true

[node name="@Node3D@43219" type="Node3D" parent="Level" instance=ExtResource("17_nu31w")]
transform = Transform3D(-0.912675, 0, 0.408685, 0, 1, 0, -0.408685, 0, -0.912675, 5.03551, 0, -112.753)
script = ExtResource("8_tereu")
platform_scenes = Array[PackedScene]([ExtResource("18_obt1j")])
randomize_in_editor = true

[node name="@Node3D@43221" type="Node3D" parent="Level" instance=ExtResource("7_6iypd")]
transform = Transform3D(-0.801295, 0, -0.59827, 0, 1, 0, 0.59827, 0, -0.801295, 7.58808, 0, -115.356)
script = ExtResource("8_tereu")
platform_scenes = Array[PackedScene]([ExtResource("9_cdqbm"), ExtResource("10_imku0"), ExtResource("19_obt1j"), ExtResource("9_cdqbm"), ExtResource("10_imku0")])
randomize_in_editor = true

[node name="@Node3D@43223" type="Node3D" parent="Level" instance=ExtResource("11_imku0")]
transform = Transform3D(-0.148156, 0, 0.988964, 0, 1, 0, -0.988964, 0, -0.148156, 5.32497, 0, -97.0548)
script = ExtResource("8_tereu")
platform_scenes = Array[PackedScene]([ExtResource("12_wlxy5"), ExtResource("13_3v7ru"), ExtResource("22_2yde8")])
randomize_in_editor = true

[node name="@Node3D@43225" type="Node3D" parent="Level" instance=ExtResource("11_imku0")]
transform = Transform3D(-0.935494, 0, -0.353342, 0, 1, 0, 0.353342, 0, -0.935494, 3.69011, 0, -101.844)
script = ExtResource("8_tereu")
platform_scenes = Array[PackedScene]([ExtResource("12_wlxy5"), ExtResource("13_3v7ru"), ExtResource("22_2yde8")])
randomize_in_editor = true

[node name="@Node3D@43227" type="Node3D" parent="Level" instance=ExtResource("7_6iypd")]
transform = Transform3D(0.764954, 0, -0.644085, 0, 1, 0, 0.644085, 0, 0.764954, 4.36984, 0, -108.176)
script = ExtResource("8_tereu")
platform_scenes = Array[PackedScene]([ExtResource("9_cdqbm"), ExtResource("10_imku0"), ExtResource("19_obt1j"), ExtResource("9_cdqbm"), ExtResource("10_imku0")])
randomize_in_editor = true

[node name="@Node3D@43229" type="Node3D" parent="Level" instance=ExtResource("17_nu31w")]
transform = Transform3D(0.525375, 0, -0.850871, 0, 1, 0, 0.850871, 0, 0.525375, 2.35644, 0, -105.441)
script = ExtResource("8_tereu")
platform_scenes = Array[PackedScene]([ExtResource("18_obt1j")])
randomize_in_editor = true

[node name="@Node3D@43231" type="Node3D" parent="Level" instance=ExtResource("11_imku0")]
transform = Transform3D(-0.49769, 0, -0.867355, 0, 1, 0, 0.867355, 0, -0.49769, -3.60224, 0, -74.5225)
script = ExtResource("8_tereu")
platform_scenes = Array[PackedScene]([ExtResource("12_wlxy5"), ExtResource("13_3v7ru"), ExtResource("22_2yde8")])
randomize_in_editor = true

[node name="@Node3D@43233" type="Node3D" parent="Level" instance=ExtResource("17_nu31w")]
transform = Transform3D(0.458988, 0, -0.888442, 0, 1, 0, 0.888442, 0, 0.458988, -4.28154, 0, -79.219)
script = ExtResource("8_tereu")
platform_scenes = Array[PackedScene]([ExtResource("18_obt1j")])
randomize_in_editor = true

[node name="@Node3D@43235" type="Node3D" parent="Level" instance=ExtResource("7_6iypd")]
transform = Transform3D(-0.00361631, 0, -0.999993, 0, 1, 0, 0.999993, 0, -0.00361631, 2.6334, 0, -72.8631)
script = ExtResource("8_tereu")
platform_scenes = Array[PackedScene]([ExtResource("9_cdqbm"), ExtResource("10_imku0"), ExtResource("19_obt1j"), ExtResource("9_cdqbm"), ExtResource("10_imku0")])
randomize_in_editor = true

[node name="@Node3D@43237" type="Node3D" parent="Level" instance=ExtResource("7_6iypd")]
transform = Transform3D(-0.570049, 0, -0.821611, 0, 1, 0, 0.821611, 0, -0.570049, 4.44542, 0, -76.1962)
script = ExtResource("8_tereu")
platform_scenes = Array[PackedScene]([ExtResource("9_cdqbm"), ExtResource("10_imku0"), ExtResource("19_obt1j"), ExtResource("9_cdqbm"), ExtResource("10_imku0")])
randomize_in_editor = true

[node name="@Node3D@43239" type="Node3D" parent="Level" instance=ExtResource("17_nu31w")]
transform = Transform3D(0.50974, 0, 0.860328, 0, 1, 0, -0.860328, 0, 0.50974, 3.44804, 0, -78.66)
script = ExtResource("8_tereu")
platform_scenes = Array[PackedScene]([ExtResource("18_obt1j")])
randomize_in_editor = true

[node name="@Node3D@43241" type="Node3D" parent="Level" instance=ExtResource("11_imku0")]
transform = Transform3D(0.853052, 0, 0.521827, 0, 1, 0, -0.521827, 0, 0.853052, 0.292366, 0, -84.6055)
script = ExtResource("8_tereu")
platform_scenes = Array[PackedScene]([ExtResource("12_wlxy5"), ExtResource("13_3v7ru"), ExtResource("22_2yde8")])
randomize_in_editor = true

[node name="@Node3D@43243" type="Node3D" parent="Level" instance=ExtResource("11_imku0")]
transform = Transform3D(-0.9061, 0, -0.423064, 0, 1, 0, 0.423064, 0, -0.9061, -1.42682, 0, -87.2698)
script = ExtResource("8_tereu")
platform_scenes = Array[PackedScene]([ExtResource("12_wlxy5"), ExtResource("13_3v7ru"), ExtResource("22_2yde8")])
randomize_in_editor = true

[node name="@Node3D@43245" type="Node3D" parent="Level" instance=ExtResource("11_imku0")]
transform = Transform3D(0.936569, 0, 0.350483, 0, 1, 0, -0.350483, 0, 0.936569, 3.7537, 0, -82.3848)
script = ExtResource("8_tereu")
platform_scenes = Array[PackedScene]([ExtResource("12_wlxy5"), ExtResource("13_3v7ru"), ExtResource("22_2yde8")])
randomize_in_editor = true

[node name="@Node3D@43247" type="Node3D" parent="Level" instance=ExtResource("17_nu31w")]
transform = Transform3D(0.971906, 0, 0.235368, 0, 1, 0, -0.235368, 0, 0.971906, 4.74543, 0, -87.5636)
script = ExtResource("8_tereu")
platform_scenes = Array[PackedScene]([ExtResource("18_obt1j")])
randomize_in_editor = true

[node name="@Node3D@43249" type="Node3D" parent="Level" instance=ExtResource("11_imku0")]
transform = Transform3D(0.000556068, 0, 1, 0, 1, 0, -1, 0, 0.000556068, 0.39179, 0, -92.0517)
script = ExtResource("8_tereu")
platform_scenes = Array[PackedScene]([ExtResource("12_wlxy5"), ExtResource("13_3v7ru"), ExtResource("22_2yde8")])
randomize_in_editor = true

[node name="@Node3D@43251" type="Node3D" parent="Level" instance=ExtResource("17_nu31w")]
transform = Transform3D(-0.999194, 0, 0.0401374, 0, 1, 0, -0.0401374, 0, -0.999194, 0.689707, 0, -98.4921)
script = ExtResource("8_tereu")
platform_scenes = Array[PackedScene]([ExtResource("18_obt1j")])
randomize_in_editor = true

[node name="@Node3D@43253" type="Node3D" parent="Level" instance=ExtResource("7_6iypd")]
transform = Transform3D(-0.957366, 0, 0.288878, 0, 1, 0, -0.288878, 0, -0.957366, 2.30733, 0, -65.0708)
script = ExtResource("8_tereu")
platform_scenes = Array[PackedScene]([ExtResource("9_cdqbm"), ExtResource("10_imku0"), ExtResource("19_obt1j"), ExtResource("9_cdqbm"), ExtResource("10_imku0")])
randomize_in_editor = true

[node name="@Node3D@43255" type="Node3D" parent="Level" instance=ExtResource("11_imku0")]
transform = Transform3D(0.443756, 0, -0.896148, 0, 1, 0, 0.896148, 0, 0.443756, 4.45385, 0, -51.9809)
script = ExtResource("8_tereu")
platform_scenes = Array[PackedScene]([ExtResource("12_wlxy5"), ExtResource("13_3v7ru"), ExtResource("22_2yde8")])
randomize_in_editor = true

[node name="@Node3D@43257" type="Node3D" parent="Level" instance=ExtResource("17_nu31w")]
transform = Transform3D(-0.505844, 0, -0.862625, 0, 1, 0, 0.862625, 0, -0.505844, 4.0799, 0, -28.7913)
script = ExtResource("8_tereu")
platform_scenes = Array[PackedScene]([ExtResource("18_obt1j")])
randomize_in_editor = true

[node name="@Node3D@43259" type="Node3D" parent="Level" instance=ExtResource("11_imku0")]
transform = Transform3D(0.991041, 0, 0.133559, 0, 1, 0, -0.133559, 0, 0.991041, 2.9426, 0, -33.5256)
script = ExtResource("8_tereu")
platform_scenes = Array[PackedScene]([ExtResource("12_wlxy5"), ExtResource("13_3v7ru"), ExtResource("22_2yde8")])
randomize_in_editor = true

[node name="@Node3D@43261" type="Node3D" parent="Level" instance=ExtResource("11_imku0")]
transform = Transform3D(0.918654, 0, 0.395062, 0, 1, 0, -0.395062, 0, 0.918654, 6.28211, 0, -38.8974)
script = ExtResource("8_tereu")
platform_scenes = Array[PackedScene]([ExtResource("12_wlxy5"), ExtResource("13_3v7ru"), ExtResource("22_2yde8")])
randomize_in_editor = true

[node name="@Node3D@43263" type="Node3D" parent="Level" instance=ExtResource("11_imku0")]
transform = Transform3D(-0.649691, 0, 0.760198, 0, 1, 0, -0.760198, 0, -0.649691, 5.13347, 0, -43.6839)
script = ExtResource("8_tereu")
platform_scenes = Array[PackedScene]([ExtResource("12_wlxy5"), ExtResource("13_3v7ru"), ExtResource("22_2yde8")])
randomize_in_editor = true

[node name="@Node3D@43265" type="Node3D" parent="Level" instance=ExtResource("11_imku0")]
transform = Transform3D(0.637731, 0, 0.770259, 0, 1, 0, -0.770259, 0, 0.637731, 5.44858, 0, -21.6538)
script = ExtResource("8_tereu")
platform_scenes = Array[PackedScene]([ExtResource("12_wlxy5"), ExtResource("13_3v7ru"), ExtResource("22_2yde8")])
randomize_in_editor = true

[node name="@Node3D@43267" type="Node3D" parent="Level" instance=ExtResource("17_nu31w")]
transform = Transform3D(0.418427, 0, 0.90825, 0, 1, 0, -0.90825, 0, 0.418427, -1.23485, 0, -18.4991)
script = ExtResource("8_tereu")
platform_scenes = Array[PackedScene]([ExtResource("18_obt1j")])
randomize_in_editor = true

[node name="@Node3D@43269" type="Node3D" parent="Level" instance=ExtResource("11_imku0")]
transform = Transform3D(-0.998811, 0, -0.0487407, 0, 1, 0, 0.0487407, 0, -0.998811, -2.26178, 0, -21.4746)
script = ExtResource("8_tereu")
platform_scenes = Array[PackedScene]([ExtResource("12_wlxy5"), ExtResource("13_3v7ru"), ExtResource("22_2yde8")])
