[gd_scene load_steps=40 format=3 uid="uid://3f7k8dolqfhh"]

[ext_resource type="PackedScene" uid="uid://g4tbrr3sfui2" path="res://player.tscn" id="1_a202f"]
[ext_resource type="Script" uid="uid://b85s3xfg6xv8i" path="res://game_manager.gd" id="1_tereu"]
[ext_resource type="FontFile" uid="uid://decj3qo5pg26d" path="res://kirifont/KiriFont.otf" id="2_cdqbm"]
[ext_resource type="LabelSettings" uid="uid://b32jxxg8k3j45" path="res://custom.tres" id="2_tereu"]
[ext_resource type="LabelSettings" uid="uid://c2fbmgdggtmr8" path="res://leaderboard.tres" id="4_imku0"]
[ext_resource type="PackedScene" uid="uid://o6nh6fno5b0d" path="res://level/level.tscn" id="6_i5arm"]
[ext_resource type="PackedScene" uid="uid://berc3ktdu00jq" path="res://water_grid.tscn" id="6_jsk3o"]
[ext_resource type="PackedScene" uid="uid://cloxm7yrf3dau" path="res://player4.tscn" id="6_vxd74"]
[ext_resource type="PackedScene" uid="uid://6kx5nm2ecru" path="res://items/generators/items.tscn" id="6_wc5p8"]
[ext_resource type="PackedScene" uid="uid://bgowpuve5rom4" path="res://level/1x1/1x1.tscn" id="7_6iypd"]
[ext_resource type="PackedScene" uid="uid://cwjt7a54ooioq" path="res://player3.tscn" id="7_dhlwf"]
[ext_resource type="PackedScene" uid="uid://oa4gk1w85htb" path="res://kill_zone.tscn" id="7_wc5p8"]
[ext_resource type="PackedScene" uid="uid://685x3hhuvr5l" path="res://player2.tscn" id="8_5t8nk"]
[ext_resource type="Script" uid="uid://4ohwjxvwlf14" path="res://scripts/random_platform.gd" id="8_tereu"]
[ext_resource type="PackedScene" uid="uid://bau54xbcyquty" path="res://goal.tscn" id="9_4arys"]
[ext_resource type="PackedScene" uid="uid://evotmterwgic" path="res://level/1x1/0.tscn" id="9_cdqbm"]
[ext_resource type="PackedScene" uid="uid://bq3jgcl0fepk2" path="res://level/1x1/1.tscn" id="10_imku0"]
[ext_resource type="PackedScene" uid="uid://bct2vsr7ymxi4" path="res://level/2x2/2x2.tscn" id="11_imku0"]
[ext_resource type="PackedScene" uid="uid://l2l3mvvrqhsu" path="res://level/2x2/0.tscn" id="12_wlxy5"]
[ext_resource type="PackedScene" uid="uid://da3dp6rlapf65" path="res://level/2x2/1.tscn" id="13_3v7ru"]
[ext_resource type="PackedScene" uid="uid://ck51bdne8ldwv" path="res://island.tscn" id="14_wlxy5"]
[ext_resource type="PackedScene" uid="uid://bpulflnw0vw5l" path="res://level/2x1/2x1.tscn" id="17_nu31w"]
[ext_resource type="PackedScene" uid="uid://dviuybxhwu1ho" path="res://level/2x1/0.tscn" id="18_obt1j"]
[ext_resource type="PackedScene" uid="uid://gof5kolddo3a" path="res://level/1x1/2.tscn" id="19_obt1j"]
[ext_resource type="PackedScene" uid="uid://bsmlem37lo4th" path="res://level/2x2/2.tscn" id="22_2yde8"]
[ext_resource type="Script" path="res://extra_kill_zone.gd" id="23_nu31w"]
[ext_resource type="PackedScene" uid="uid://csmc4dfieimjx" path="res://meshes/Startplatform/Startingplatform.tscn" id="24_dhlwf"]
[ext_resource type="PackedScene" uid="uid://b5bxwo0db64jg" path="res://meshes/Chest/chest.glb" id="24_nu31w"]

[sub_resource type="LabelSettings" id="LabelSettings_cdqbm"]
font = ExtResource("2_cdqbm")
font_size = 300
outline_size = 40
outline_color = Color(0, 0, 0, 1)

[sub_resource type="StyleBoxFlat" id="StyleBoxFlat_cdqbm"]
bg_color = Color(7.52043e-08, 0.0590926, 0.150703, 0.411765)

[sub_resource type="ProceduralSkyMaterial" id="ProceduralSkyMaterial_noarx"]
ground_bottom_color = Color(0.101961, 0.301961, 0.901961, 1)

[sub_resource type="Sky" id="Sky_noarx"]
sky_material = SubResource("ProceduralSkyMaterial_noarx")

[sub_resource type="Environment" id="Environment_a0tk4"]
background_mode = 2
background_energy_multiplier = 2.5
sky = SubResource("Sky_noarx")

[sub_resource type="CameraAttributesPractical" id="CameraAttributesPractical_noarx"]

[sub_resource type="ViewportTexture" id="ViewportTexture_nu31w"]
viewport_path = NodePath("GridContainer/SubViewportContainer/SubViewport")

[sub_resource type="ViewportTexture" id="ViewportTexture_obt1j"]
viewport_path = NodePath("GridContainer/SubViewportContainer2/SubViewport")

[sub_resource type="ViewportTexture" id="ViewportTexture_2yde8"]
viewport_path = NodePath("GridContainer/SubViewportContainer3/SubViewport")

[sub_resource type="ViewportTexture" id="ViewportTexture_id0nj"]
viewport_path = NodePath("GridContainer/SubViewportContainer4/SubViewport")

[sub_resource type="BoxShape3D" id="BoxShape3D_aceia"]
size = Vector3(125.445, 14.3992, 742.51)

[node name="Game" type="Node3D"]

[node name="GameManager" type="Node" parent="."]
script = ExtResource("1_tereu")

[node name="CanvasLayer" type="CanvasLayer" parent="GameManager"]
layer = 100

[node name="SharedLabel" type="Label" parent="GameManager/CanvasLayer"]
custom_minimum_size = Vector2(400, 400)
anchors_preset = 8
anchor_left = 0.5
anchor_top = 0.5
anchor_right = 0.5
anchor_bottom = 0.5
offset_left = -960.0
offset_top = -540.0
offset_right = 960.0
offset_bottom = 540.0
grow_horizontal = 2
grow_vertical = 2
pivot_offset = Vector2(960, 540)
size_flags_vertical = 1
theme_override_font_sizes/font_size = 50
label_settings = ExtResource("2_tereu")
horizontal_alignment = 1
vertical_alignment = 1
autowrap_mode = 2
metadata/_edit_use_anchors_ = true

[node name="SharedLabel2" type="Label" parent="GameManager/CanvasLayer"]
custom_minimum_size = Vector2(2000, 1200)
anchors_preset = 8
anchor_left = 0.5
anchor_top = 0.5
anchor_right = 0.5
anchor_bottom = 0.5
offset_left = -1000.0
offset_top = -600.0
offset_right = 1000.0
offset_bottom = 600.0
grow_horizontal = 2
grow_vertical = 2
size_flags_vertical = 1
text = " "
label_settings = SubResource("LabelSettings_cdqbm")
horizontal_alignment = 1
vertical_alignment = 1
autowrap_mode = 2
metadata/_edit_use_anchors_ = true

[node name="opacity" type="Panel" parent="GameManager/CanvasLayer"]
visible = false
anchors_preset = 15
anchor_right = 1.0
anchor_bottom = 1.0
grow_horizontal = 2
grow_vertical = 2
size_flags_horizontal = 4
size_flags_vertical = 4
theme_override_styles/panel = SubResource("StyleBoxFlat_cdqbm")

[node name="Leaderboard" type="Panel" parent="GameManager/CanvasLayer/opacity"]
custom_minimum_size = Vector2(500, 500)
layout_mode = 1
anchors_preset = 8
anchor_left = 0.5
anchor_top = 0.5
anchor_right = 0.5
anchor_bottom = 0.5
offset_left = -250.0
offset_top = -250.0
offset_right = 250.0
offset_bottom = 250.0
grow_horizontal = 2
grow_vertical = 2

[node name="VBoxContainer" type="VBoxContainer" parent="GameManager/CanvasLayer/opacity/Leaderboard"]
layout_mode = 1
anchors_preset = 15
anchor_right = 1.0
anchor_bottom = 1.0
grow_horizontal = 2
grow_vertical = 2
theme_override_constants/separation = 20

[node name="Score1st" type="Label" parent="GameManager/CanvasLayer/opacity/Leaderboard/VBoxContainer"]
custom_minimum_size = Vector2(100, 100)
layout_mode = 2
size_flags_vertical = 3
label_settings = ExtResource("4_imku0")
horizontal_alignment = 1
vertical_alignment = 1
autowrap_mode = 2

[node name="Score2nd" type="Label" parent="GameManager/CanvasLayer/opacity/Leaderboard/VBoxContainer"]
custom_minimum_size = Vector2(100, 100)
layout_mode = 2
size_flags_vertical = 3
label_settings = ExtResource("4_imku0")
horizontal_alignment = 1
vertical_alignment = 1
autowrap_mode = 2

[node name="Score3rd" type="Label" parent="GameManager/CanvasLayer/opacity/Leaderboard/VBoxContainer"]
custom_minimum_size = Vector2(100, 100)
layout_mode = 2
size_flags_vertical = 3
label_settings = ExtResource("4_imku0")
horizontal_alignment = 1
vertical_alignment = 1
autowrap_mode = 2

[node name="Score4th" type="Label" parent="GameManager/CanvasLayer/opacity/Leaderboard/VBoxContainer"]
custom_minimum_size = Vector2(100, 100)
layout_mode = 2
size_flags_vertical = 3
label_settings = ExtResource("4_imku0")
horizontal_alignment = 1
vertical_alignment = 1
autowrap_mode = 2

[node name="Leaderboard2" type="Panel" parent="GameManager/CanvasLayer/opacity"]
visible = false
custom_minimum_size = Vector2(1000, 150)
layout_mode = 1
anchors_preset = 8
anchor_left = 0.5
anchor_top = 0.5
anchor_right = 0.5
anchor_bottom = 0.5
offset_left = -500.0
offset_top = 140.0
offset_right = 500.0
offset_bottom = 290.0
grow_horizontal = 2
grow_vertical = 2

[node name="MarginContainer" type="MarginContainer" parent="GameManager/CanvasLayer/opacity/Leaderboard2"]
layout_mode = 1
anchors_preset = 15
anchor_right = 1.0
anchor_bottom = 1.0
grow_horizontal = 2
grow_vertical = 2
theme_override_constants/margin_left = 30
theme_override_constants/margin_top = 30
theme_override_constants/margin_right = 30
theme_override_constants/margin_bottom = 30

[node name="HBoxContainer" type="HBoxContainer" parent="GameManager/CanvasLayer/opacity/Leaderboard2/MarginContainer"]
custom_minimum_size = Vector2(1000, 0)
layout_mode = 2
theme_override_constants/separation = 100

[node name="Options" type="Button" parent="GameManager/CanvasLayer/opacity/Leaderboard2/MarginContainer/HBoxContainer"]
layout_mode = 2
size_flags_horizontal = 3
size_flags_vertical = 3
theme_override_fonts/font = ExtResource("2_cdqbm")
theme_override_font_sizes/font_size = 50
text = "Options"

[node name="StartGame" type="Button" parent="GameManager/CanvasLayer/opacity/Leaderboard2/MarginContainer/HBoxContainer"]
layout_mode = 2
size_flags_horizontal = 3
size_flags_vertical = 3
theme_override_fonts/font = ExtResource("2_cdqbm")
theme_override_font_sizes/font_size = 50
text = "Restart"

[node name="Quit" type="Button" parent="GameManager/CanvasLayer/opacity/Leaderboard2/MarginContainer/HBoxContainer"]
layout_mode = 2
size_flags_horizontal = 3
size_flags_vertical = 3
theme_override_fonts/font = ExtResource("2_cdqbm")
theme_override_font_sizes/font_size = 50
text = "quit"

[node name="DirectionalLight3D" type="DirectionalLight3D" parent="."]
transform = Transform3D(-0.534213, -0.815404, -0.223011, -0.284691, -0.0748638, 0.955692, -0.79597, 0.574032, -0.192145, -4.2404, 11.0469, -3.46405)
shadow_enabled = true
shadow_reverse_cull_face = true

[node name="WorldEnvironment" type="WorldEnvironment" parent="."]
environment = SubResource("Environment_a0tk4")
camera_attributes = SubResource("CameraAttributesPractical_noarx")

[node name="GridContainer" type="GridContainer" parent="."]
anchors_preset = 15
anchor_right = 1.0
anchor_bottom = 1.0
grow_horizontal = 2
grow_vertical = 2
columns = 2

[node name="SubViewportContainer" type="SubViewportContainer" parent="GridContainer"]
layout_mode = 2
size_flags_horizontal = 3
size_flags_vertical = 3
stretch = true

[node name="ShaderTexture" type="TextureRect" parent="GridContainer/SubViewportContainer"]
visible = false
layout_mode = 2
texture = SubResource("ViewportTexture_nu31w")

[node name="SubViewport" type="SubViewport" parent="GridContainer/SubViewportContainer"]
handle_input_locally = false
size = Vector2i(958, 538)
render_target_update_mode = 4

[node name="Player" parent="GridContainer/SubViewportContainer/SubViewport" instance=ExtResource("1_a202f")]
transform = Transform3D(1, 0, 0, 0, 1, 0, 0, 0, 1, 0, 10, 0)
axis_lock_angular_y = true

[node name="IconTexture" type="TextureRect" parent="GridContainer/SubViewportContainer/SubViewport/Player"]
offset_right = 150.0
offset_bottom = 150.0
expand_mode = 1

[node name="PointsLabel" type="Label" parent="GridContainer/SubViewportContainer/SubViewport/Player"]
custom_minimum_size = Vector2(300, 0)
anchors_preset = 2
anchor_top = 1.0
anchor_bottom = 1.0
offset_top = -23.0
offset_right = 79.0
grow_vertical = 0
horizontal_alignment = 2

[node name="MarginContainer" type="MarginContainer" parent="GridContainer/SubViewportContainer/SubViewport/Player"]
visible = false
offset_left = 20.0
offset_top = 20.0
offset_right = 60.0
offset_bottom = 61.0

[node name="CurrItemLabel" type="Label" parent="GridContainer/SubViewportContainer/SubViewport/Player/MarginContainer"]
layout_mode = 2

[node name="SubViewportContainer2" type="SubViewportContainer" parent="GridContainer"]
layout_mode = 2
size_flags_horizontal = 3
size_flags_vertical = 3
stretch = true

[node name="ShaderTexture" type="TextureRect" parent="GridContainer/SubViewportContainer2"]
visible = false
layout_mode = 2
texture = SubResource("ViewportTexture_obt1j")

[node name="SubViewport" type="SubViewport" parent="GridContainer/SubViewportContainer2"]
handle_input_locally = false
size = Vector2i(958, 538)
render_target_update_mode = 4

[node name="Player2" parent="GridContainer/SubViewportContainer2/SubViewport" instance=ExtResource("8_5t8nk")]
transform = Transform3D(1, 0, 0, 0, 1, 0, 0, 0, 1, 2.5, 10, 0)

[node name="PointsLabel" type="Label" parent="GridContainer/SubViewportContainer2/SubViewport/Player2"]
custom_minimum_size = Vector2(320, 0)
anchors_preset = 3
anchor_left = 1.0
anchor_top = 1.0
anchor_right = 1.0
anchor_bottom = 1.0
offset_left = -79.0
offset_top = -41.0
grow_horizontal = 0
grow_vertical = 0

[node name="MarginContainer" type="MarginContainer" parent="GridContainer/SubViewportContainer2/SubViewport/Player2"]
visible = false
anchors_preset = 1
anchor_left = 1.0
anchor_right = 1.0
offset_left = -40.0
offset_bottom = 41.0
grow_horizontal = 0

[node name="CurrItemLabel" type="Label" parent="GridContainer/SubViewportContainer2/SubViewport/Player2/MarginContainer"]
layout_mode = 2

[node name="IconTexture" type="TextureRect" parent="GridContainer/SubViewportContainer2/SubViewport/Player2"]
anchors_preset = 1
anchor_left = 1.0
anchor_right = 1.0
offset_left = -150.0
offset_bottom = 150.0
grow_horizontal = 0
expand_mode = 1

[node name="SubViewportContainer3" type="SubViewportContainer" parent="GridContainer"]
layout_mode = 2
size_flags_horizontal = 3
size_flags_vertical = 3
stretch = true

[node name="ShaderTexture" type="TextureRect" parent="GridContainer/SubViewportContainer3"]
visible = false
layout_mode = 2
texture = SubResource("ViewportTexture_2yde8")

[node name="SubViewport" type="SubViewport" parent="GridContainer/SubViewportContainer3"]
handle_input_locally = false
size = Vector2i(958, 538)
render_target_update_mode = 4

[node name="Player3" parent="GridContainer/SubViewportContainer3/SubViewport" instance=ExtResource("7_dhlwf")]
transform = Transform3D(1, 0, 0, 0, 1, 0, 0, 0, 1, 5, 10, 0)

[node name="IconTexture" type="TextureRect" parent="GridContainer/SubViewportContainer3/SubViewport/Player3"]
anchors_preset = 2
anchor_top = 1.0
anchor_bottom = 1.0
offset_top = -150.0
offset_right = 150.0
grow_vertical = 0
expand_mode = 1

[node name="PointsLabel" type="Label" parent="GridContainer/SubViewportContainer3/SubViewport/Player3"]
custom_minimum_size = Vector2(300, 0)
anchors_preset = 2
anchor_top = 1.0
anchor_bottom = 1.0
offset_top = -41.0
offset_right = 79.0
grow_vertical = 0
horizontal_alignment = 2

[node name="MarginContainer" type="MarginContainer" parent="GridContainer/SubViewportContainer3/SubViewport/Player3"]
visible = false
anchors_preset = 2
anchor_top = 1.0
anchor_bottom = 1.0
offset_top = -41.0
offset_right = 40.0
grow_vertical = 0

[node name="CurrItemLabel" type="Label" parent="GridContainer/SubViewportContainer3/SubViewport/Player3/MarginContainer"]
layout_mode = 2

[node name="SubViewportContainer4" type="SubViewportContainer" parent="GridContainer"]
layout_mode = 2
size_flags_horizontal = 3
size_flags_vertical = 3
stretch = true

[node name="ShaderTexture" type="TextureRect" parent="GridContainer/SubViewportContainer4"]
visible = false
layout_mode = 2
texture = SubResource("ViewportTexture_id0nj")

[node name="SubViewport" type="SubViewport" parent="GridContainer/SubViewportContainer4"]
handle_input_locally = false
size = Vector2i(958, 538)
render_target_update_mode = 4

[node name="Player4" parent="GridContainer/SubViewportContainer4/SubViewport" instance=ExtResource("6_vxd74")]
transform = Transform3D(1, 0, 0, 0, 1, 0, 0, 0, 1, 7.5, 10, 0)

[node name="IconTexture" type="TextureRect" parent="GridContainer/SubViewportContainer4/SubViewport/Player4"]
anchors_preset = 3
anchor_left = 1.0
anchor_top = 1.0
anchor_right = 1.0
anchor_bottom = 1.0
offset_left = -150.0
offset_top = -150.0
grow_horizontal = 0
grow_vertical = 0
expand_mode = 1

[node name="PointsLabel" type="Label" parent="GridContainer/SubViewportContainer4/SubViewport/Player4"]
custom_minimum_size = Vector2(320, 0)
anchors_preset = 3
anchor_left = 1.0
anchor_top = 1.0
anchor_right = 1.0
anchor_bottom = 1.0
offset_left = -79.0
offset_top = -41.0
grow_horizontal = 0
grow_vertical = 0

[node name="MarginContainer" type="MarginContainer" parent="GridContainer/SubViewportContainer4/SubViewport/Player4"]
visible = false
anchors_preset = 3
anchor_left = 1.0
anchor_top = 1.0
anchor_right = 1.0
anchor_bottom = 1.0
offset_left = -40.0
offset_top = -41.0
grow_horizontal = 0
grow_vertical = 0

[node name="CurrItemLabel" type="Label" parent="GridContainer/SubViewportContainer4/SubViewport/Player4/MarginContainer"]
layout_mode = 2

[node name="Items" parent="." instance=ExtResource("6_wc5p8")]
transform = Transform3D(1, 0, 0, 0, 1, 0, 0, 0, 1, 0, 0, 37.7199)

[node name="Level" parent="." instance=ExtResource("6_i5arm")]

[node name="Node3D" type="Node3D" parent="Level" instance=ExtResource("7_6iypd")]
transform = Transform3D(-0.70471, 0, -0.709495, 0, 1, 0, 0.709495, 0, -0.70471, 0, 0, 0)
script = ExtResource("8_tereu")
platform_scenes = Array[PackedScene]([ExtResource("9_cdqbm"), ExtResource("10_imku0"), ExtResource("19_obt1j"), ExtResource("9_cdqbm"), ExtResource("10_imku0")])
randomize_in_editor = true

[node name="@Node3D@327004" type="Node3D" parent="Level" instance=ExtResource("17_nu31w")]
transform = Transform3D(0.0301435, 0, 0.999546, 0, 1, 0, -0.999546, 0, 0.0301435, 1.60909, 0, -4.46987)
script = ExtResource("8_tereu")
platform_scenes = Array[PackedScene]([ExtResource("18_obt1j")])
randomize_in_editor = true

[node name="@Node3D@327006" type="Node3D" parent="Level" instance=ExtResource("11_imku0")]
transform = Transform3D(-0.634932, 0, 0.772568, 0, 1, 0, -0.772568, 0, -0.634932, 0.148359, 0, -9.19998)
script = ExtResource("8_tereu")
platform_scenes = Array[PackedScene]([ExtResource("12_wlxy5"), ExtResource("13_3v7ru"), ExtResource("22_2yde8")])
randomize_in_editor = true

[node name="@Node3D@327008" type="Node3D" parent="Level" instance=ExtResource("11_imku0")]
transform = Transform3D(-0.884654, 0, 0.466249, 0, 1, 0, -0.466249, 0, -0.884654, -3.19195, 0, -13.4531)
script = ExtResource("8_tereu")
platform_scenes = Array[PackedScene]([ExtResource("12_wlxy5"), ExtResource("13_3v7ru"), ExtResource("22_2yde8")])
randomize_in_editor = true

[node name="@Node3D@327010" type="Node3D" parent="Level" instance=ExtResource("17_nu31w")]
transform = Transform3D(-0.351013, 0, 0.93637, 0, 1, 0, -0.93637, 0, -0.351013, -0.390879, 0, -17.488)
script = ExtResource("8_tereu")
platform_scenes = Array[PackedScene]([ExtResource("18_obt1j")])
randomize_in_editor = true

[node name="@Node3D@327012" type="Node3D" parent="Level" instance=ExtResource("11_imku0")]
transform = Transform3D(-0.272699, 0, 0.962099, 0, 1, 0, -0.962099, 0, -0.272699, -4.58157, 0, -23.3594)
script = ExtResource("8_tereu")
platform_scenes = Array[PackedScene]([ExtResource("12_wlxy5"), ExtResource("13_3v7ru"), ExtResource("22_2yde8")])
randomize_in_editor = true

[node name="@Node3D@327014" type="Node3D" parent="Level" instance=ExtResource("17_nu31w")]
transform = Transform3D(0.980623, 0, -0.195903, 0, 1, 0, 0.195903, 0, 0.980623, -2.149, 0, -27.8587)
script = ExtResource("8_tereu")
platform_scenes = Array[PackedScene]([ExtResource("18_obt1j")])
randomize_in_editor = true

[node name="@Node3D@327016" type="Node3D" parent="Level" instance=ExtResource("11_imku0")]
transform = Transform3D(0.994564, 0, 0.104123, 0, 1, 0, -0.104123, 0, 0.994564, -2.36648, 0, -30.5243)
script = ExtResource("8_tereu")
platform_scenes = Array[PackedScene]([ExtResource("12_wlxy5"), ExtResource("13_3v7ru"), ExtResource("22_2yde8")])
randomize_in_editor = true

[node name="@Node3D@327018" type="Node3D" parent="Level" instance=ExtResource("11_imku0")]
transform = Transform3D(0.556867, 0, 0.830602, 0, 1, 0, -0.830602, 0, 0.556867, -0.692374, 0, -35.5009)
script = ExtResource("8_tereu")
platform_scenes = Array[PackedScene]([ExtResource("12_wlxy5"), ExtResource("13_3v7ru"), ExtResource("22_2yde8")])
randomize_in_editor = true

[node name="@Node3D@327020" type="Node3D" parent="Level" instance=ExtResource("7_6iypd")]
transform = Transform3D(-0.0497316, 0, 0.998763, 0, 1, 0, -0.998763, 0, -0.0497316, -3.7, 0, -41.5718)
script = ExtResource("8_tereu")
platform_scenes = Array[PackedScene]([ExtResource("9_cdqbm"), ExtResource("10_imku0"), ExtResource("19_obt1j"), ExtResource("9_cdqbm"), ExtResource("10_imku0")])
randomize_in_editor = true

[node name="@Node3D@327022" type="Node3D" parent="Level" instance=ExtResource("11_imku0")]
transform = Transform3D(0.941135, 0, 0.33803, 0, 1, 0, -0.33803, 0, 0.941135, -5.42585, 0, -47.5248)
script = ExtResource("8_tereu")
platform_scenes = Array[PackedScene]([ExtResource("12_wlxy5"), ExtResource("13_3v7ru"), ExtResource("22_2yde8")])
randomize_in_editor = true

[node name="@Node3D@327024" type="Node3D" parent="Level" instance=ExtResource("11_imku0")]
transform = Transform3D(-0.975017, 0, 0.222129, 0, 1, 0, -0.222129, 0, -0.975017, -4.36057, 0, -50.1203)
script = ExtResource("8_tereu")
platform_scenes = Array[PackedScene]([ExtResource("12_wlxy5"), ExtResource("13_3v7ru"), ExtResource("22_2yde8")])
randomize_in_editor = true

[node name="@Node3D@327026" type="Node3D" parent="Level" instance=ExtResource("7_6iypd")]
transform = Transform3D(-0.484385, 0, -0.874855, 0, 1, 0, 0.874855, 0, -0.484385, -6.13032, 0, -54.5703)
script = ExtResource("8_tereu")
platform_scenes = Array[PackedScene]([ExtResource("9_cdqbm"), ExtResource("10_imku0"), ExtResource("19_obt1j"), ExtResource("9_cdqbm"), ExtResource("10_imku0")])
randomize_in_editor = true

[node name="@Node3D@327028" type="Node3D" parent="Level" instance=ExtResource("7_6iypd")]
transform = Transform3D(0.993342, 0, -0.115201, 0, 1, 0, 0.115201, 0, 0.993342, -8.36855, 0, -58.1988)
script = ExtResource("8_tereu")
platform_scenes = Array[PackedScene]([ExtResource("9_cdqbm"), ExtResource("10_imku0"), ExtResource("19_obt1j"), ExtResource("9_cdqbm"), ExtResource("10_imku0")])
randomize_in_editor = true

[node name="@Node3D@327030" type="Node3D" parent="Level" instance=ExtResource("11_imku0")]
transform = Transform3D(0.664623, 0, -0.747179, 0, 1, 0, 0.747179, 0, 0.664623, -6.7415, 0, -63.0444)
script = ExtResource("8_tereu")
platform_scenes = Array[PackedScene]([ExtResource("12_wlxy5"), ExtResource("13_3v7ru"), ExtResource("22_2yde8")])
randomize_in_editor = true

[node name="@Node3D@327032" type="Node3D" parent="Level" instance=ExtResource("7_6iypd")]
transform = Transform3D(0.998601, 0, 0.0528853, 0, 1, 0, -0.0528853, 0, 0.998601, -8.10039, 0, -66.3537)
script = ExtResource("8_tereu")
platform_scenes = Array[PackedScene]([ExtResource("9_cdqbm"), ExtResource("10_imku0"), ExtResource("19_obt1j"), ExtResource("9_cdqbm"), ExtResource("10_imku0")])
randomize_in_editor = true

[node name="@Node3D@327034" type="Node3D" parent="Level" instance=ExtResource("11_imku0")]
transform = Transform3D(0.999568, 0, 0.0294, 0, 1, 0, -0.0294, 0, 0.999568, -7.11522, 0, -70.3305)
script = ExtResource("8_tereu")
platform_scenes = Array[PackedScene]([ExtResource("12_wlxy5"), ExtResource("13_3v7ru"), ExtResource("22_2yde8")])
randomize_in_editor = true

[node name="@Node3D@327036" type="Node3D" parent="Level" instance=ExtResource("7_6iypd")]
transform = Transform3D(0.296268, 0, 0.955105, 0, 1, 0, -0.955105, 0, 0.296268, -8.15297, 0, -72.86)
script = ExtResource("8_tereu")
platform_scenes = Array[PackedScene]([ExtResource("9_cdqbm"), ExtResource("10_imku0"), ExtResource("19_obt1j"), ExtResource("9_cdqbm"), ExtResource("10_imku0")])
randomize_in_editor = true

[node name="@Node3D@327038" type="Node3D" parent="Level" instance=ExtResource("7_6iypd")]
transform = Transform3D(-0.571088, 0, 0.820889, 0, 1, 0, -0.820889, 0, -0.571088, -6.53655, 0, -77.7784)
script = ExtResource("8_tereu")
platform_scenes = Array[PackedScene]([ExtResource("9_cdqbm"), ExtResource("10_imku0"), ExtResource("19_obt1j"), ExtResource("9_cdqbm"), ExtResource("10_imku0")])
randomize_in_editor = true

[node name="@Node3D@327040" type="Node3D" parent="Level" instance=ExtResource("11_imku0")]
transform = Transform3D(0.990531, 0, 0.137292, 0, 1, 0, -0.137292, 0, 0.990531, -4.42565, 0, -81.6987)
script = ExtResource("8_tereu")
platform_scenes = Array[PackedScene]([ExtResource("12_wlxy5"), ExtResource("13_3v7ru"), ExtResource("22_2yde8")])
randomize_in_editor = true

[node name="@Node3D@327042" type="Node3D" parent="Level" instance=ExtResource("7_6iypd")]
transform = Transform3D(0.143846, 0, -0.9896, 0, 1, 0, 0.9896, 0, 0.143846, -2.24573, 0, -84.7637)
script = ExtResource("8_tereu")
platform_scenes = Array[PackedScene]([ExtResource("9_cdqbm"), ExtResource("10_imku0"), ExtResource("19_obt1j"), ExtResource("9_cdqbm"), ExtResource("10_imku0")])
randomize_in_editor = true

[node name="@Node3D@327044" type="Node3D" parent="Level" instance=ExtResource("7_6iypd")]
transform = Transform3D(0.0231694, 0, -0.999732, 0, 1, 0, 0.999732, 0, 0.0231694, -5.13044, 0, -90.2371)
script = ExtResource("8_tereu")
platform_scenes = Array[PackedScene]([ExtResource("9_cdqbm"), ExtResource("10_imku0"), ExtResource("19_obt1j"), ExtResource("9_cdqbm"), ExtResource("10_imku0")])
randomize_in_editor = true

[node name="@Node3D@327046" type="Node3D" parent="Level" instance=ExtResource("17_nu31w")]
transform = Transform3D(-0.611771, 0, 0.791035, 0, 1, 0, -0.791035, 0, -0.611771, -3.66472, 0, -96.7376)
script = ExtResource("8_tereu")
platform_scenes = Array[PackedScene]([ExtResource("18_obt1j")])
randomize_in_editor = true

[node name="@Node3D@327048" type="Node3D" parent="Level" instance=ExtResource("11_imku0")]
transform = Transform3D(0.745085, 0, 0.66697, 0, 1, 0, -0.66697, 0, 0.745085, -2.45253, 0, -100.663)
script = ExtResource("8_tereu")
platform_scenes = Array[PackedScene]([ExtResource("12_wlxy5"), ExtResource("13_3v7ru"), ExtResource("22_2yde8")])
randomize_in_editor = true

[node name="@Node3D@327050" type="Node3D" parent="Level" instance=ExtResource("17_nu31w")]
transform = Transform3D(0.4089, 0, 0.912579, 0, 1, 0, -0.912579, 0, 0.4089, 0.817676, 0, -105.36)
script = ExtResource("8_tereu")
platform_scenes = Array[PackedScene]([ExtResource("18_obt1j")])
randomize_in_editor = true

[node name="@Node3D@327052" type="Node3D" parent="Level" instance=ExtResource("17_nu31w")]
transform = Transform3D(0.583912, 0, -0.811817, 0, 1, 0, 0.811817, 0, 0.583912, 4.75932, 0, -111.312)
script = ExtResource("8_tereu")
platform_scenes = Array[PackedScene]([ExtResource("18_obt1j")])
randomize_in_editor = true

[node name="@Node3D@327054" type="Node3D" parent="Level" instance=ExtResource("7_6iypd")]
transform = Transform3D(0.00499295, 0, -0.999988, 0, 1, 0, 0.999988, 0, 0.00499295, 5.96697, 0, -117.616)
script = ExtResource("8_tereu")
platform_scenes = Array[PackedScene]([ExtResource("9_cdqbm"), ExtResource("10_imku0"), ExtResource("19_obt1j"), ExtResource("9_cdqbm"), ExtResource("10_imku0")])
randomize_in_editor = true

[node name="@Node3D@327056" type="Node3D" parent="Level" instance=ExtResource("17_nu31w")]
transform = Transform3D(-0.087876, 0, 0.996131, 0, 1, 0, -0.996131, 0, -0.087876, 9.77223, 0, -123.111)
script = ExtResource("8_tereu")
platform_scenes = Array[PackedScene]([ExtResource("18_obt1j")])
randomize_in_editor = true

[node name="@Node3D@327058" type="Node3D" parent="Level" instance=ExtResource("7_6iypd")]
transform = Transform3D(0.654697, 0, -0.755892, 0, 1, 0, 0.755892, 0, 0.654697, -3.73606, 0, -110.028)
script = ExtResource("8_tereu")
platform_scenes = Array[PackedScene]([ExtResource("9_cdqbm"), ExtResource("10_imku0"), ExtResource("19_obt1j"), ExtResource("9_cdqbm"), ExtResource("10_imku0")])
randomize_in_editor = true

[node name="@Node3D@327060" type="Node3D" parent="Level" instance=ExtResource("7_6iypd")]
transform = Transform3D(0.97772, 0, -0.209912, 0, 1, 0, 0.209912, 0, 0.97772, -3.70613, 0, -116.424)
script = ExtResource("8_tereu")
platform_scenes = Array[PackedScene]([ExtResource("9_cdqbm"), ExtResource("10_imku0"), ExtResource("19_obt1j"), ExtResource("9_cdqbm"), ExtResource("10_imku0")])
randomize_in_editor = true

[node name="@Node3D@327062" type="Node3D" parent="Level" instance=ExtResource("11_imku0")]
transform = Transform3D(0.991764, 0, 0.128077, 0, 1, 0, -0.128077, 0, 0.991764, -3.41084, 0, -122.849)
script = ExtResource("8_tereu")
platform_scenes = Array[PackedScene]([ExtResource("12_wlxy5"), ExtResource("13_3v7ru"), ExtResource("22_2yde8")])
randomize_in_editor = true

[node name="@Node3D@327064" type="Node3D" parent="Level" instance=ExtResource("17_nu31w")]
transform = Transform3D(0.435504, 0, 0.900187, 0, 1, 0, -0.900187, 0, 0.435504, -3.93708, 0, -125.361)
script = ExtResource("8_tereu")
platform_scenes = Array[PackedScene]([ExtResource("18_obt1j")])
randomize_in_editor = true

[node name="@Node3D@327066" type="Node3D" parent="Level" instance=ExtResource("7_6iypd")]
transform = Transform3D(0.792109, 0, 0.61038, 0, 1, 0, -0.61038, 0, 0.792109, 0.198543, 0, -88.7379)
script = ExtResource("8_tereu")
platform_scenes = Array[PackedScene]([ExtResource("9_cdqbm"), ExtResource("10_imku0"), ExtResource("19_obt1j"), ExtResource("9_cdqbm"), ExtResource("10_imku0")])
randomize_in_editor = true

[node name="@Node3D@327068" type="Node3D" parent="Level" instance=ExtResource("17_nu31w")]
transform = Transform3D(-0.119741, 0, -0.992805, 0, 1, 0, 0.992805, 0, -0.119741, -2.10312, 0, -91.8861)
script = ExtResource("8_tereu")
platform_scenes = Array[PackedScene]([ExtResource("18_obt1j")])
randomize_in_editor = true

[node name="@Node3D@327070" type="Node3D" parent="Level" instance=ExtResource("17_nu31w")]
transform = Transform3D(0.911787, 0, 0.410663, 0, 1, 0, -0.410663, 0, 0.911787, -8.41342, 0, -61.1561)
script = ExtResource("8_tereu")
platform_scenes = Array[PackedScene]([ExtResource("18_obt1j")])
randomize_in_editor = true

[node name="@Node3D@327072" type="Node3D" parent="Level" instance=ExtResource("17_nu31w")]
transform = Transform3D(-0.98954, 0, -0.144261, 0, 1, 0, 0.144261, 0, -0.98954, -10.8779, 0, -64.5175)
script = ExtResource("8_tereu")
platform_scenes = Array[PackedScene]([ExtResource("18_obt1j")])
randomize_in_editor = true

[node name="@Node3D@327074" type="Node3D" parent="Level" instance=ExtResource("17_nu31w")]
transform = Transform3D(-0.0745453, 0, -0.997218, 0, 1, 0, 0.997218, 0, -0.0745453, -11.914, 0, -69.665)
script = ExtResource("8_tereu")
platform_scenes = Array[PackedScene]([ExtResource("18_obt1j")])
randomize_in_editor = true

[node name="@Node3D@327076" type="Node3D" parent="Level" instance=ExtResource("7_6iypd")]
transform = Transform3D(-0.615496, 0, -0.78814, 0, 1, 0, 0.78814, 0, -0.615496, -8.23903, 0, -51.8455)
script = ExtResource("8_tereu")
platform_scenes = Array[PackedScene]([ExtResource("9_cdqbm"), ExtResource("10_imku0"), ExtResource("19_obt1j"), ExtResource("9_cdqbm"), ExtResource("10_imku0")])
randomize_in_editor = true

[node name="@Node3D@327078" type="Node3D" parent="Level" instance=ExtResource("7_6iypd")]
transform = Transform3D(-0.825158, 0, -0.564902, 0, 1, 0, 0.564902, 0, -0.825158, -10.5435, 0, -56.5312)
script = ExtResource("8_tereu")
platform_scenes = Array[PackedScene]([ExtResource("9_cdqbm"), ExtResource("10_imku0"), ExtResource("19_obt1j"), ExtResource("9_cdqbm"), ExtResource("10_imku0")])
randomize_in_editor = true

[node name="@Node3D@327080" type="Node3D" parent="Level" instance=ExtResource("7_6iypd")]
transform = Transform3D(0.999805, 0, -0.0197334, 0, 1, 0, 0.0197334, 0, 0.999805, -3.39475, 0, -33.1084)
script = ExtResource("8_tereu")
platform_scenes = Array[PackedScene]([ExtResource("9_cdqbm"), ExtResource("10_imku0"), ExtResource("19_obt1j"), ExtResource("9_cdqbm"), ExtResource("10_imku0")])
randomize_in_editor = true

[node name="@Node3D@327082" type="Node3D" parent="Level" instance=ExtResource("17_nu31w")]
transform = Transform3D(-0.286714, 0, 0.958016, 0, 1, 0, -0.958016, 0, -0.286714, -6.48055, 0, -38.2973)
script = ExtResource("8_tereu")
platform_scenes = Array[PackedScene]([ExtResource("18_obt1j")])
randomize_in_editor = true

[node name="@Node3D@327084" type="Node3D" parent="Level" instance=ExtResource("11_imku0")]
transform = Transform3D(-0.959335, 0, -0.282269, 0, 1, 0, 0.282269, 0, -0.959335, -7.11623, 0, -43.6553)
script = ExtResource("8_tereu")
platform_scenes = Array[PackedScene]([ExtResource("12_wlxy5"), ExtResource("13_3v7ru"), ExtResource("22_2yde8")])
randomize_in_editor = true

[node name="@Node3D@327086" type="Node3D" parent="Level" instance=ExtResource("7_6iypd")]
transform = Transform3D(-0.484952, 0, -0.874541, 0, 1, 0, 0.874541, 0, -0.484952, 2.5, 0, 0)
script = ExtResource("8_tereu")
platform_scenes = Array[PackedScene]([ExtResource("9_cdqbm"), ExtResource("10_imku0"), ExtResource("19_obt1j"), ExtResource("9_cdqbm"), ExtResource("10_imku0")])
randomize_in_editor = true

[node name="@Node3D@327088" type="Node3D" parent="Level" instance=ExtResource("17_nu31w")]
transform = Transform3D(0.628251, 0, 0.77801, 0, 1, 0, -0.77801, 0, 0.628251, 5, 0, 0)
script = ExtResource("8_tereu")
platform_scenes = Array[PackedScene]([ExtResource("18_obt1j")])
randomize_in_editor = true

[node name="@Node3D@327090" type="Node3D" parent="Level" instance=ExtResource("7_6iypd")]
transform = Transform3D(0.348097, 0, 0.937459, 0, 1, 0, -0.937459, 0, 0.348097, 6.05369, 0, -3.49124)
script = ExtResource("8_tereu")
platform_scenes = Array[PackedScene]([ExtResource("9_cdqbm"), ExtResource("10_imku0"), ExtResource("19_obt1j"), ExtResource("9_cdqbm"), ExtResource("10_imku0")])
randomize_in_editor = true

[node name="@Node3D@327092" type="Node3D" parent="Level" instance=ExtResource("11_imku0")]
transform = Transform3D(0.384776, 0, -0.92301, 0, 1, 0, 0.92301, 0, 0.384776, 2.90002, 0, -8.97042)
script = ExtResource("8_tereu")
platform_scenes = Array[PackedScene]([ExtResource("12_wlxy5"), ExtResource("13_3v7ru"), ExtResource("22_2yde8")])
randomize_in_editor = true

[node name="@Node3D@327094" type="Node3D" parent="Level" instance=ExtResource("7_6iypd")]
transform = Transform3D(-0.953871, 0, 0.300215, 0, 1, 0, -0.300215, 0, -0.953871, 1.66486, 0, -12.0431)
script = ExtResource("8_tereu")
platform_scenes = Array[PackedScene]([ExtResource("9_cdqbm"), ExtResource("10_imku0"), ExtResource("19_obt1j"), ExtResource("9_cdqbm"), ExtResource("10_imku0")])
randomize_in_editor = true

[node name="@Node3D@327096" type="Node3D" parent="Level" instance=ExtResource("17_nu31w")]
transform = Transform3D(-0.453548, 0, -0.891232, 0, 1, 0, 0.891232, 0, -0.453548, 5.89448, 0, -6.87356)
script = ExtResource("8_tereu")
platform_scenes = Array[PackedScene]([ExtResource("18_obt1j")])
randomize_in_editor = true

[node name="@Node3D@327098" type="Node3D" parent="Level" instance=ExtResource("11_imku0")]
transform = Transform3D(0.968701, 0, -0.24823, 0, 1, 0, 0.24823, 0, 0.968701, 7.5, 0, 0)
script = ExtResource("8_tereu")
platform_scenes = Array[PackedScene]([ExtResource("12_wlxy5"), ExtResource("13_3v7ru"), ExtResource("22_2yde8")])
randomize_in_editor = true

[node name="@Node3D@327100" type="Node3D" parent="Level" instance=ExtResource("11_imku0")]
transform = Transform3D(0.868651, 0, 0.495425, 0, 1, 0, -0.495425, 0, 0.868651, 0, 0, -256)
script = ExtResource("8_tereu")
platform_scenes = Array[PackedScene]([ExtResource("12_wlxy5"), ExtResource("13_3v7ru"), ExtResource("22_2yde8")])
randomize_in_editor = true

[node name="@Node3D@327102" type="Node3D" parent="Level" instance=ExtResource("7_6iypd")]
transform = Transform3D(-0.492368, 0, 0.870387, 0, 1, 0, -0.870387, 0, -0.492368, 1.43539, 0, -250.836)
script = ExtResource("8_tereu")
platform_scenes = Array[PackedScene]([ExtResource("9_cdqbm"), ExtResource("10_imku0"), ExtResource("19_obt1j"), ExtResource("9_cdqbm"), ExtResource("10_imku0")])
randomize_in_editor = true

[node name="@Node3D@327104" type="Node3D" parent="Level" instance=ExtResource("17_nu31w")]
transform = Transform3D(-0.62089, 0, 0.783898, 0, 1, 0, -0.783898, 0, -0.62089, 3.4586, 0, -246.418)
script = ExtResource("8_tereu")
platform_scenes = Array[PackedScene]([ExtResource("18_obt1j")])
randomize_in_editor = true

[node name="@Node3D@327106" type="Node3D" parent="Level" instance=ExtResource("17_nu31w")]
transform = Transform3D(-0.729891, 0, -0.683564, 0, 1, 0, 0.683564, 0, -0.729891, 2.12356, 0, -242.338)
script = ExtResource("8_tereu")
platform_scenes = Array[PackedScene]([ExtResource("18_obt1j")])
randomize_in_editor = true

[node name="@Node3D@327108" type="Node3D" parent="Level" instance=ExtResource("17_nu31w")]
transform = Transform3D(-0.927293, 0, 0.374336, 0, 1, 0, -0.374336, 0, -0.927293, 1.68753, 0, -238.61)
script = ExtResource("8_tereu")
platform_scenes = Array[PackedScene]([ExtResource("18_obt1j")])
randomize_in_editor = true

[node name="@Node3D@327110" type="Node3D" parent="Level" instance=ExtResource("11_imku0")]
transform = Transform3D(0.16606, 0, -0.986116, 0, 1, 0, 0.986116, 0, 0.16606, 3.46105, 0, -234.916)
script = ExtResource("8_tereu")
platform_scenes = Array[PackedScene]([ExtResource("12_wlxy5"), ExtResource("13_3v7ru"), ExtResource("22_2yde8")])
randomize_in_editor = true

[node name="@Node3D@327112" type="Node3D" parent="Level" instance=ExtResource("11_imku0")]
transform = Transform3D(-0.0865671, 0, -0.996246, 0, 1, 0, 0.996246, 0, -0.0865671, 4.27417, 0, -228.52)
script = ExtResource("8_tereu")
platform_scenes = Array[PackedScene]([ExtResource("12_wlxy5"), ExtResource("13_3v7ru"), ExtResource("22_2yde8")])
randomize_in_editor = true

[node name="@Node3D@327114" type="Node3D" parent="Level" instance=ExtResource("7_6iypd")]
transform = Transform3D(-0.977953, 0, -0.208824, 0, 1, 0, 0.208824, 0, -0.977953, 3.8102, 0, -225.964)
script = ExtResource("8_tereu")
platform_scenes = Array[PackedScene]([ExtResource("9_cdqbm"), ExtResource("10_imku0"), ExtResource("19_obt1j"), ExtResource("9_cdqbm"), ExtResource("10_imku0")])
randomize_in_editor = true

[node name="@Node3D@327116" type="Node3D" parent="Level" instance=ExtResource("7_6iypd")]
transform = Transform3D(-0.781854, 0, -0.623462, 0, 1, 0, 0.623462, 0, -0.781854, 4.09897, 0, -221.983)
script = ExtResource("8_tereu")
platform_scenes = Array[PackedScene]([ExtResource("9_cdqbm"), ExtResource("10_imku0"), ExtResource("19_obt1j"), ExtResource("9_cdqbm"), ExtResource("10_imku0")])
randomize_in_editor = true

[node name="@Node3D@327118" type="Node3D" parent="Level" instance=ExtResource("7_6iypd")]
transform = Transform3D(-0.950523, 0, -0.310655, 0, 1, 0, 0.310655, 0, -0.950523, 3.47054, 0, -216.325)
script = ExtResource("8_tereu")
platform_scenes = Array[PackedScene]([ExtResource("9_cdqbm"), ExtResource("10_imku0"), ExtResource("19_obt1j"), ExtResource("9_cdqbm"), ExtResource("10_imku0")])
randomize_in_editor = true

[node name="@Node3D@327120" type="Node3D" parent="Level" instance=ExtResource("17_nu31w")]
transform = Transform3D(0.995785, 0, -0.0917201, 0, 1, 0, 0.0917201, 0, 0.995785, 3.7899, 0, -213.707)
script = ExtResource("8_tereu")
platform_scenes = Array[PackedScene]([ExtResource("18_obt1j")])
randomize_in_editor = true

[node name="@Node3D@327122" type="Node3D" parent="Level" instance=ExtResource("7_6iypd")]
transform = Transform3D(-0.87891, 0, 0.476988, 0, 1, 0, -0.476988, 0, -0.87891, 2.58835, 0, -209.236)
script = ExtResource("8_tereu")
platform_scenes = Array[PackedScene]([ExtResource("9_cdqbm"), ExtResource("10_imku0"), ExtResource("19_obt1j"), ExtResource("9_cdqbm"), ExtResource("10_imku0")])
randomize_in_editor = true

[node name="@Node3D@327124" type="Node3D" parent="Level" instance=ExtResource("7_6iypd")]
transform = Transform3D(0.949742, 0, -0.313033, 0, 1, 0, 0.313033, 0, 0.949742, 3.9702, 0, -203.152)
script = ExtResource("8_tereu")
platform_scenes = Array[PackedScene]([ExtResource("9_cdqbm"), ExtResource("10_imku0"), ExtResource("19_obt1j"), ExtResource("9_cdqbm"), ExtResource("10_imku0")])
randomize_in_editor = true

[node name="@Node3D@327126" type="Node3D" parent="Level" instance=ExtResource("17_nu31w")]
