[gd_scene load_steps=33 format=3 uid="uid://3f7k8dolqfhh"]

[ext_resource type="PackedScene" uid="uid://g4tbrr3sfui2" path="res://player.tscn" id="1_a202f"]
[ext_resource type="Script" uid="uid://b85s3xfg6xv8i" path="res://game_manager.gd" id="1_tereu"]
[ext_resource type="FontFile" uid="uid://decj3qo5pg26d" path="res://kirifont/KiriFont.otf" id="2_cdqbm"]
[ext_resource type="LabelSettings" uid="uid://b32jxxg8k3j45" path="res://custom.tres" id="2_tereu"]
[ext_resource type="LabelSettings" uid="uid://c2fbmgdggtmr8" path="res://leaderboard.tres" id="4_imku0"]
[ext_resource type="PackedScene" uid="uid://o6nh6fno5b0d" path="res://level/level.tscn" id="6_i5arm"]
[ext_resource type="PackedScene" uid="uid://berc3ktdu00jq" path="res://water_grid.tscn" id="6_jsk3o"]
[ext_resource type="PackedScene" uid="uid://cloxm7yrf3dau" path="res://player4.tscn" id="6_vxd74"]
[ext_resource type="PackedScene" uid="uid://6kx5nm2ecru" path="res://items/generators/items.tscn" id="6_wc5p8"]
[ext_resource type="PackedScene" uid="uid://bgowpuve5rom4" path="res://level/1x1/1x1.tscn" id="7_6iypd"]
[ext_resource type="PackedScene" uid="uid://cwjt7a54ooioq" path="res://player3.tscn" id="7_dhlwf"]
[ext_resource type="PackedScene" uid="uid://oa4gk1w85htb" path="res://kill_zone.tscn" id="7_wc5p8"]
[ext_resource type="PackedScene" uid="uid://685x3hhuvr5l" path="res://player2.tscn" id="8_5t8nk"]
[ext_resource type="Script" uid="uid://4ohwjxvwlf14" path="res://scripts/random_platform.gd" id="8_tereu"]
[ext_resource type="PackedScene" uid="uid://bau54xbcyquty" path="res://goal.tscn" id="9_4arys"]
[ext_resource type="PackedScene" uid="uid://evotmterwgic" path="res://level/1x1/0.tscn" id="9_cdqbm"]
[ext_resource type="PackedScene" uid="uid://bq3jgcl0fepk2" path="res://level/1x1/1.tscn" id="10_imku0"]
[ext_resource type="PackedScene" uid="uid://bct2vsr7ymxi4" path="res://level/2x2/2x2.tscn" id="11_imku0"]
[ext_resource type="PackedScene" uid="uid://l2l3mvvrqhsu" path="res://level/2x2/0.tscn" id="12_wlxy5"]
[ext_resource type="PackedScene" uid="uid://da3dp6rlapf65" path="res://level/2x2/1.tscn" id="13_3v7ru"]
[ext_resource type="PackedScene" uid="uid://ck51bdne8ldwv" path="res://island.tscn" id="14_wlxy5"]
[ext_resource type="PackedScene" uid="uid://bpulflnw0vw5l" path="res://level/2x1/2x1.tscn" id="17_nu31w"]
[ext_resource type="PackedScene" uid="uid://dviuybxhwu1ho" path="res://level/2x1/0.tscn" id="18_obt1j"]
[ext_resource type="PackedScene" uid="uid://gof5kolddo3a" path="res://level/1x1/2.tscn" id="19_obt1j"]
[ext_resource type="PackedScene" uid="uid://bsmlem37lo4th" path="res://level/2x2/2.tscn" id="22_2yde8"]
[ext_resource type="PackedScene" uid="uid://csmc4dfieimjx" path="res://meshes/Startplatform/Startingplatform.tscn" id="24_dhlwf"]

[sub_resource type="LabelSettings" id="LabelSettings_cdqbm"]
font = ExtResource("2_cdqbm")
font_size = 300
outline_size = 40
outline_color = Color(0, 0, 0, 1)

[sub_resource type="StyleBoxFlat" id="StyleBoxFlat_cdqbm"]
bg_color = Color(7.52043e-08, 0.0590926, 0.150703, 0.411765)

[sub_resource type="ProceduralSkyMaterial" id="ProceduralSkyMaterial_noarx"]

[sub_resource type="Sky" id="Sky_noarx"]
sky_material = SubResource("ProceduralSkyMaterial_noarx")

[sub_resource type="Environment" id="Environment_a0tk4"]
background_mode = 2
background_energy_multiplier = 2.5
sky = SubResource("Sky_noarx")

[sub_resource type="CameraAttributesPractical" id="CameraAttributesPractical_noarx"]

[node name="Game" type="Node3D"]

[node name="GameManager" type="Node" parent="."]
script = ExtResource("1_tereu")

[node name="CanvasLayer" type="CanvasLayer" parent="GameManager"]
layer = 100

[node name="SharedLabel" type="Label" parent="GameManager/CanvasLayer"]
custom_minimum_size = Vector2(400, 400)
anchors_preset = 8
anchor_left = 0.5
anchor_top = 0.5
anchor_right = 0.5
anchor_bottom = 0.5
offset_left = -960.0
offset_top = -540.0
offset_right = 960.0
offset_bottom = 540.0
grow_horizontal = 2
grow_vertical = 2
pivot_offset = Vector2(960, 540)
size_flags_vertical = 1
theme_override_font_sizes/font_size = 50
label_settings = ExtResource("2_tereu")
horizontal_alignment = 1
vertical_alignment = 1
autowrap_mode = 2
metadata/_edit_use_anchors_ = true

[node name="SharedLabel2" type="Label" parent="GameManager/CanvasLayer"]
custom_minimum_size = Vector2(2000, 1200)
anchors_preset = 8
anchor_left = 0.5
anchor_top = 0.5
anchor_right = 0.5
anchor_bottom = 0.5
offset_left = -1000.0
offset_top = -600.0
offset_right = 1000.0
offset_bottom = 600.0
grow_horizontal = 2
grow_vertical = 2
size_flags_vertical = 1
text = " "
label_settings = SubResource("LabelSettings_cdqbm")
horizontal_alignment = 1
vertical_alignment = 1
autowrap_mode = 2
metadata/_edit_use_anchors_ = true

[node name="opacity" type="Panel" parent="GameManager/CanvasLayer"]
visible = false
anchors_preset = 15
anchor_right = 1.0
anchor_bottom = 1.0
grow_horizontal = 2
grow_vertical = 2
size_flags_horizontal = 4
size_flags_vertical = 4
theme_override_styles/panel = SubResource("StyleBoxFlat_cdqbm")

[node name="Leaderboard" type="Panel" parent="GameManager/CanvasLayer/opacity"]
custom_minimum_size = Vector2(500, 500)
layout_mode = 1
anchors_preset = 8
anchor_left = 0.5
anchor_top = 0.5
anchor_right = 0.5
anchor_bottom = 0.5
offset_left = -250.0
offset_top = -250.0
offset_right = 250.0
offset_bottom = 250.0
grow_horizontal = 2
grow_vertical = 2

[node name="VBoxContainer" type="VBoxContainer" parent="GameManager/CanvasLayer/opacity/Leaderboard"]
layout_mode = 1
anchors_preset = 15
anchor_right = 1.0
anchor_bottom = 1.0
grow_horizontal = 2
grow_vertical = 2
theme_override_constants/separation = 20

[node name="Score1st" type="Label" parent="GameManager/CanvasLayer/opacity/Leaderboard/VBoxContainer"]
custom_minimum_size = Vector2(100, 100)
layout_mode = 2
size_flags_vertical = 3
label_settings = ExtResource("4_imku0")
horizontal_alignment = 1
vertical_alignment = 1
autowrap_mode = 2

[node name="Score2nd" type="Label" parent="GameManager/CanvasLayer/opacity/Leaderboard/VBoxContainer"]
custom_minimum_size = Vector2(100, 100)
layout_mode = 2
size_flags_vertical = 3
label_settings = ExtResource("4_imku0")
horizontal_alignment = 1
vertical_alignment = 1
autowrap_mode = 2

[node name="Score3rd" type="Label" parent="GameManager/CanvasLayer/opacity/Leaderboard/VBoxContainer"]
custom_minimum_size = Vector2(100, 100)
layout_mode = 2
size_flags_vertical = 3
label_settings = ExtResource("4_imku0")
horizontal_alignment = 1
vertical_alignment = 1
autowrap_mode = 2

[node name="Score4th" type="Label" parent="GameManager/CanvasLayer/opacity/Leaderboard/VBoxContainer"]
custom_minimum_size = Vector2(100, 100)
layout_mode = 2
size_flags_vertical = 3
label_settings = ExtResource("4_imku0")
horizontal_alignment = 1
vertical_alignment = 1
autowrap_mode = 2

[node name="Leaderboard2" type="Panel" parent="GameManager/CanvasLayer/opacity"]
visible = false
custom_minimum_size = Vector2(1000, 150)
layout_mode = 1
anchors_preset = 8
anchor_left = 0.5
anchor_top = 0.5
anchor_right = 0.5
anchor_bottom = 0.5
offset_left = -500.0
offset_top = 140.0
offset_right = 500.0
offset_bottom = 290.0
grow_horizontal = 2
grow_vertical = 2

[node name="MarginContainer" type="MarginContainer" parent="GameManager/CanvasLayer/opacity/Leaderboard2"]
layout_mode = 1
anchors_preset = 15
anchor_right = 1.0
anchor_bottom = 1.0
grow_horizontal = 2
grow_vertical = 2
theme_override_constants/margin_left = 30
theme_override_constants/margin_top = 30
theme_override_constants/margin_right = 30
theme_override_constants/margin_bottom = 30

[node name="HBoxContainer" type="HBoxContainer" parent="GameManager/CanvasLayer/opacity/Leaderboard2/MarginContainer"]
custom_minimum_size = Vector2(1000, 0)
layout_mode = 2
theme_override_constants/separation = 100

[node name="Options" type="Button" parent="GameManager/CanvasLayer/opacity/Leaderboard2/MarginContainer/HBoxContainer"]
layout_mode = 2
size_flags_horizontal = 3
size_flags_vertical = 3
theme_override_fonts/font = ExtResource("2_cdqbm")
theme_override_font_sizes/font_size = 50
text = "Options"

[node name="StartGame" type="Button" parent="GameManager/CanvasLayer/opacity/Leaderboard2/MarginContainer/HBoxContainer"]
layout_mode = 2
size_flags_horizontal = 3
size_flags_vertical = 3
theme_override_fonts/font = ExtResource("2_cdqbm")
theme_override_font_sizes/font_size = 50
text = "Restart"

[node name="Quit" type="Button" parent="GameManager/CanvasLayer/opacity/Leaderboard2/MarginContainer/HBoxContainer"]
layout_mode = 2
size_flags_horizontal = 3
size_flags_vertical = 3
theme_override_fonts/font = ExtResource("2_cdqbm")
theme_override_font_sizes/font_size = 50
text = "quit"

[node name="DirectionalLight3D" type="DirectionalLight3D" parent="."]
transform = Transform3D(-0.534213, -0.815404, -0.223011, -0.284691, -0.0748638, 0.955692, -0.79597, 0.574032, -0.192145, -4.2404, 11.0469, -3.46405)
shadow_enabled = true

[node name="WorldEnvironment" type="WorldEnvironment" parent="."]
environment = SubResource("Environment_a0tk4")
camera_attributes = SubResource("CameraAttributesPractical_noarx")

[node name="GridContainer" type="GridContainer" parent="."]
anchors_preset = 15
anchor_right = 1.0
anchor_bottom = 1.0
grow_horizontal = 2
grow_vertical = 2
columns = 2

[node name="SubViewportContainer" type="SubViewportContainer" parent="GridContainer"]
layout_mode = 2
size_flags_horizontal = 3
size_flags_vertical = 3
stretch = true

[node name="SubViewport" type="SubViewport" parent="GridContainer/SubViewportContainer"]
handle_input_locally = false
size = Vector2i(958, 538)
render_target_update_mode = 4

[node name="Player" parent="GridContainer/SubViewportContainer/SubViewport" instance=ExtResource("1_a202f")]
transform = Transform3D(1, 0, 0, 0, 1, 0, 0, 0, 1, 0, 10, 0)
axis_lock_angular_y = true

[node name="IconTexture" type="TextureRect" parent="GridContainer/SubViewportContainer/SubViewport/Player"]
offset_right = 150.0
offset_bottom = 150.0
expand_mode = 1

[node name="PointsLabel" type="Label" parent="GridContainer/SubViewportContainer/SubViewport/Player"]
custom_minimum_size = Vector2(300, 0)
anchors_preset = 2
anchor_top = 1.0
anchor_bottom = 1.0
offset_top = -23.0
offset_right = 79.0
grow_vertical = 0
horizontal_alignment = 2

[node name="MarginContainer" type="MarginContainer" parent="GridContainer/SubViewportContainer/SubViewport/Player"]
visible = false
offset_left = 20.0
offset_top = 20.0
offset_right = 60.0
offset_bottom = 61.0

[node name="CurrItemLabel" type="Label" parent="GridContainer/SubViewportContainer/SubViewport/Player/MarginContainer"]
layout_mode = 2

[node name="SubViewportContainer2" type="SubViewportContainer" parent="GridContainer"]
layout_mode = 2
size_flags_horizontal = 3
size_flags_vertical = 3
stretch = true

[node name="SubViewport" type="SubViewport" parent="GridContainer/SubViewportContainer2"]
handle_input_locally = false
size = Vector2i(958, 538)
render_target_update_mode = 4

[node name="Player2" parent="GridContainer/SubViewportContainer2/SubViewport" instance=ExtResource("8_5t8nk")]
transform = Transform3D(1, 0, 0, 0, 1, 0, 0, 0, 1, 2.5, 10, 0)

[node name="PointsLabel" type="Label" parent="GridContainer/SubViewportContainer2/SubViewport/Player2"]
custom_minimum_size = Vector2(320, 0)
anchors_preset = 3
anchor_left = 1.0
anchor_top = 1.0
anchor_right = 1.0
anchor_bottom = 1.0
offset_left = -79.0
offset_top = -41.0
grow_horizontal = 0
grow_vertical = 0

[node name="MarginContainer" type="MarginContainer" parent="GridContainer/SubViewportContainer2/SubViewport/Player2"]
visible = false
anchors_preset = 1
anchor_left = 1.0
anchor_right = 1.0
offset_left = -40.0
offset_bottom = 41.0
grow_horizontal = 0

[node name="CurrItemLabel" type="Label" parent="GridContainer/SubViewportContainer2/SubViewport/Player2/MarginContainer"]
layout_mode = 2

[node name="IconTexture" type="TextureRect" parent="GridContainer/SubViewportContainer2/SubViewport/Player2"]
anchors_preset = 1
anchor_left = 1.0
anchor_right = 1.0
offset_left = -150.0
offset_bottom = 150.0
grow_horizontal = 0
expand_mode = 1

[node name="SubViewportContainer3" type="SubViewportContainer" parent="GridContainer"]
layout_mode = 2
size_flags_horizontal = 3
size_flags_vertical = 3
stretch = true

[node name="SubViewport" type="SubViewport" parent="GridContainer/SubViewportContainer3"]
handle_input_locally = false
size = Vector2i(958, 538)
render_target_update_mode = 4

[node name="Player3" parent="GridContainer/SubViewportContainer3/SubViewport" instance=ExtResource("7_dhlwf")]
transform = Transform3D(1, 0, 0, 0, 1, 0, 0, 0, 1, 5, 10, 0)

[node name="IconTexture" type="TextureRect" parent="GridContainer/SubViewportContainer3/SubViewport/Player3"]
anchors_preset = 2
anchor_top = 1.0
anchor_bottom = 1.0
offset_top = -150.0
offset_right = 150.0
grow_vertical = 0
expand_mode = 1

[node name="PointsLabel" type="Label" parent="GridContainer/SubViewportContainer3/SubViewport/Player3"]
custom_minimum_size = Vector2(300, 0)
anchors_preset = 2
anchor_top = 1.0
anchor_bottom = 1.0
offset_top = -41.0
offset_right = 79.0
grow_vertical = 0
horizontal_alignment = 2

[node name="MarginContainer" type="MarginContainer" parent="GridContainer/SubViewportContainer3/SubViewport/Player3"]
visible = false
anchors_preset = 2
anchor_top = 1.0
anchor_bottom = 1.0
offset_top = -41.0
offset_right = 40.0
grow_vertical = 0

[node name="CurrItemLabel" type="Label" parent="GridContainer/SubViewportContainer3/SubViewport/Player3/MarginContainer"]
layout_mode = 2

[node name="SubViewportContainer4" type="SubViewportContainer" parent="GridContainer"]
layout_mode = 2
size_flags_horizontal = 3
size_flags_vertical = 3
stretch = true

[node name="SubViewport" type="SubViewport" parent="GridContainer/SubViewportContainer4"]
handle_input_locally = false
size = Vector2i(958, 538)
render_target_update_mode = 4

[node name="Player4" parent="GridContainer/SubViewportContainer4/SubViewport" instance=ExtResource("6_vxd74")]
transform = Transform3D(1, 0, 0, 0, 1, 0, 0, 0, 1, 7.5, 10, 0)

[node name="IconTexture" type="TextureRect" parent="GridContainer/SubViewportContainer4/SubViewport/Player4"]
anchors_preset = 3
anchor_left = 1.0
anchor_top = 1.0
anchor_right = 1.0
anchor_bottom = 1.0
offset_left = -150.0
offset_top = -150.0
grow_horizontal = 0
grow_vertical = 0
expand_mode = 1

[node name="PointsLabel" type="Label" parent="GridContainer/SubViewportContainer4/SubViewport/Player4"]
custom_minimum_size = Vector2(320, 0)
anchors_preset = 3
anchor_left = 1.0
anchor_top = 1.0
anchor_right = 1.0
anchor_bottom = 1.0
offset_left = -79.0
offset_top = -41.0
grow_horizontal = 0
grow_vertical = 0

[node name="MarginContainer" type="MarginContainer" parent="GridContainer/SubViewportContainer4/SubViewport/Player4"]
visible = false
anchors_preset = 3
anchor_left = 1.0
anchor_top = 1.0
anchor_right = 1.0
anchor_bottom = 1.0
offset_left = -40.0
offset_top = -41.0
grow_horizontal = 0
grow_vertical = 0

[node name="CurrItemLabel" type="Label" parent="GridContainer/SubViewportContainer4/SubViewport/Player4/MarginContainer"]
layout_mode = 2

[node name="Items" parent="." instance=ExtResource("6_wc5p8")]

[node name="Level" parent="." instance=ExtResource("6_i5arm")]

[node name="Node3D" type="Node3D" parent="Level" instance=ExtResource("11_imku0")]
transform = Transform3D(-0.659942, 0, 0.751316, 0, 1, 0, -0.751316, 0, -0.659942, 0, 0, 0)
script = ExtResource("8_tereu")
platform_scenes = Array[PackedScene]([ExtResource("12_wlxy5"), ExtResource("13_3v7ru"), ExtResource("22_2yde8")])
randomize_in_editor = true

[node name="@Node3D@30100" type="Node3D" parent="Level" instance=ExtResource("11_imku0")]
transform = Transform3D(0.255547, 0, 0.966797, 0, 1, 0, -0.966797, 0, 0.255547, 1.43854, 0, -4.32995)
script = ExtResource("8_tereu")
platform_scenes = Array[PackedScene]([ExtResource("12_wlxy5"), ExtResource("13_3v7ru"), ExtResource("22_2yde8")])
randomize_in_editor = true

[node name="@Node3D@30102" type="Node3D" parent="Level" instance=ExtResource("11_imku0")]
transform = Transform3D(0.0108731, 0, -0.999941, 0, 1, 0, 0.999941, 0, 0.0108731, 5.04696, 0, -8.88949)
script = ExtResource("8_tereu")
platform_scenes = Array[PackedScene]([ExtResource("12_wlxy5"), ExtResource("13_3v7ru"), ExtResource("22_2yde8")])
randomize_in_editor = true

[node name="@Node3D@30104" type="Node3D" parent="Level" instance=ExtResource("7_6iypd")]
transform = Transform3D(0.840105, 0, -0.542423, 0, 1, 0, 0.542423, 0, 0.840105, 6.62627, 0, -13.3565)
script = ExtResource("8_tereu")
platform_scenes = Array[PackedScene]([ExtResource("9_cdqbm"), ExtResource("10_imku0"), ExtResource("19_obt1j"), ExtResource("9_cdqbm"), ExtResource("10_imku0")])
randomize_in_editor = true

[node name="@Node3D@30106" type="Node3D" parent="Level" instance=ExtResource("11_imku0")]
transform = Transform3D(0.940147, 0, -0.340769, 0, 1, 0, 0.340769, 0, 0.940147, 8.08699, 0, -19.8769)
script = ExtResource("8_tereu")
platform_scenes = Array[PackedScene]([ExtResource("12_wlxy5"), ExtResource("13_3v7ru"), ExtResource("22_2yde8")])
randomize_in_editor = true

[node name="@Node3D@30108" type="Node3D" parent="Level" instance=ExtResource("17_nu31w")]
transform = Transform3D(-0.137954, 0, -0.990439, 0, 1, 0, 0.990439, 0, -0.137954, 6.49037, 0, -24.6706)
script = ExtResource("8_tereu")
platform_scenes = Array[PackedScene]([ExtResource("18_obt1j")])
randomize_in_editor = true

[node name="@Node3D@30110" type="Node3D" parent="Level" instance=ExtResource("17_nu31w")]
transform = Transform3D(0.371864, 0, -0.928287, 0, 1, 0, 0.928287, 0, 0.371864, 3.41032, 0, -27.9864)
script = ExtResource("8_tereu")
platform_scenes = Array[PackedScene]([ExtResource("18_obt1j")])
randomize_in_editor = true

[node name="@Node3D@30112" type="Node3D" parent="Level" instance=ExtResource("17_nu31w")]
transform = Transform3D(-0.951573, 0, 0.307423, 0, 1, 0, -0.307423, 0, -0.951573, 5.342, 0, -31.9353)
script = ExtResource("8_tereu")
platform_scenes = Array[PackedScene]([ExtResource("18_obt1j")])
randomize_in_editor = true

[node name="@Node3D@30114" type="Node3D" parent="Level" instance=ExtResource("7_6iypd")]
transform = Transform3D(-0.665148, 0, -0.746711, 0, 1, 0, 0.746711, 0, -0.665148, 3.55235, 0, -36.0836)
script = ExtResource("8_tereu")
platform_scenes = Array[PackedScene]([ExtResource("9_cdqbm"), ExtResource("10_imku0"), ExtResource("19_obt1j"), ExtResource("9_cdqbm"), ExtResource("10_imku0")])
randomize_in_editor = true

[node name="@Node3D@30116" type="Node3D" parent="Level" instance=ExtResource("7_6iypd")]
transform = Transform3D(0.556527, 0, -0.830829, 0, 1, 0, 0.830829, 0, 0.556527, 5.26308, 0, -38.7111)
script = ExtResource("8_tereu")
platform_scenes = Array[PackedScene]([ExtResource("9_cdqbm"), ExtResource("10_imku0"), ExtResource("19_obt1j"), ExtResource("9_cdqbm"), ExtResource("10_imku0")])
randomize_in_editor = true

[node name="@Node3D@30118" type="Node3D" parent="Level" instance=ExtResource("17_nu31w")]
transform = Transform3D(0.372946, 0, 0.927853, 0, 1, 0, -0.927853, 0, 0.372946, 5.51114, 0, -42.2647)
script = ExtResource("8_tereu")
platform_scenes = Array[PackedScene]([ExtResource("18_obt1j")])
randomize_in_editor = true

[node name="@Node3D@30120" type="Node3D" parent="Level" instance=ExtResource("7_6iypd")]
transform = Transform3D(-0.964274, 0, -0.264905, 0, 1, 0, 0.264905, 0, -0.964274, 3.57555, 0, -46.1986)
script = ExtResource("8_tereu")
platform_scenes = Array[PackedScene]([ExtResource("9_cdqbm"), ExtResource("10_imku0"), ExtResource("19_obt1j"), ExtResource("9_cdqbm"), ExtResource("10_imku0")])
randomize_in_editor = true

[node name="@Node3D@30122" type="Node3D" parent="Level" instance=ExtResource("11_imku0")]
transform = Transform3D(0.963571, 0, 0.267454, 0, 1, 0, -0.267454, 0, 0.963571, 6.03237, 0, -48.6739)
script = ExtResource("8_tereu")
platform_scenes = Array[PackedScene]([ExtResource("12_wlxy5"), ExtResource("13_3v7ru"), ExtResource("22_2yde8")])
randomize_in_editor = true

[node name="@Node3D@30124" type="Node3D" parent="Level" instance=ExtResource("17_nu31w")]
transform = Transform3D(0.841905, 0, -0.539626, 0, 1, 0, 0.539626, 0, 0.841905, 8.31858, 0, -53.9069)
script = ExtResource("8_tereu")
platform_scenes = Array[PackedScene]([ExtResource("18_obt1j")])
randomize_in_editor = true

[node name="@Node3D@30126" type="Node3D" parent="Level" instance=ExtResource("17_nu31w")]
transform = Transform3D(0.993772, 0, -0.111436, 0, 1, 0, 0.111436, 0, 0.993772, 8.54855, 0, -60.1152)
script = ExtResource("8_tereu")
platform_scenes = Array[PackedScene]([ExtResource("18_obt1j")])
randomize_in_editor = true

[node name="@Node3D@30128" type="Node3D" parent="Level" instance=ExtResource("17_nu31w")]
transform = Transform3D(0.959034, 0, 0.283291, 0, 1, 0, -0.283291, 0, 0.959034, 8.59914, 0, -66.3461)
script = ExtResource("8_tereu")
platform_scenes = Array[PackedScene]([ExtResource("18_obt1j")])
randomize_in_editor = true

[node name="@Node3D@30130" type="Node3D" parent="Level" instance=ExtResource("7_6iypd")]
transform = Transform3D(0.895457, 0, -0.445148, 0, 1, 0, 0.445148, 0, 0.895457, 6.57641, 0, -68.8502)
script = ExtResource("8_tereu")
platform_scenes = Array[PackedScene]([ExtResource("9_cdqbm"), ExtResource("10_imku0"), ExtResource("19_obt1j"), ExtResource("9_cdqbm"), ExtResource("10_imku0")])
randomize_in_editor = true

[node name="@Node3D@30132" type="Node3D" parent="Level" instance=ExtResource("7_6iypd")]
transform = Transform3D(-0.78648, 0, -0.617615, 0, 1, 0, 0.617615, 0, -0.78648, 8.98784, 0, -75.0109)
script = ExtResource("8_tereu")
platform_scenes = Array[PackedScene]([ExtResource("9_cdqbm"), ExtResource("10_imku0"), ExtResource("19_obt1j"), ExtResource("9_cdqbm"), ExtResource("10_imku0")])
randomize_in_editor = true

[node name="@Node3D@30134" type="Node3D" parent="Level" instance=ExtResource("17_nu31w")]
transform = Transform3D(0.997255, 0, 0.0740407, 0, 1, 0, -0.0740407, 0, 0.997255, 5.1274, 0, -81.2937)
script = ExtResource("8_tereu")
platform_scenes = Array[PackedScene]([ExtResource("18_obt1j")])
randomize_in_editor = true

[node name="@Node3D@30136" type="Node3D" parent="Level" instance=ExtResource("7_6iypd")]
transform = Transform3D(0.0959413, 0, 0.995387, 0, 1, 0, -0.995387, 0, 0.0959413, 3.52065, 0, -83.8438)
script = ExtResource("8_tereu")
platform_scenes = Array[PackedScene]([ExtResource("9_cdqbm"), ExtResource("10_imku0"), ExtResource("19_obt1j"), ExtResource("9_cdqbm"), ExtResource("10_imku0")])
randomize_in_editor = true

[node name="@Node3D@30138" type="Node3D" parent="Level" instance=ExtResource("7_6iypd")]
transform = Transform3D(-0.290661, 0, -0.956826, 0, 1, 0, 0.956826, 0, -0.290661, 4.34772, 0, -87.5991)
script = ExtResource("8_tereu")
platform_scenes = Array[PackedScene]([ExtResource("9_cdqbm"), ExtResource("10_imku0"), ExtResource("19_obt1j"), ExtResource("9_cdqbm"), ExtResource("10_imku0")])
randomize_in_editor = true

[node name="@Node3D@30140" type="Node3D" parent="Level" instance=ExtResource("7_6iypd")]
transform = Transform3D(-0.540738, 0, -0.841191, 0, 1, 0, 0.841191, 0, -0.540738, 2.50953, 0, -89.9573)
script = ExtResource("8_tereu")
platform_scenes = Array[PackedScene]([ExtResource("9_cdqbm"), ExtResource("10_imku0"), ExtResource("19_obt1j"), ExtResource("9_cdqbm"), ExtResource("10_imku0")])
randomize_in_editor = true

[node name="@Node3D@30142" type="Node3D" parent="Level" instance=ExtResource("11_imku0")]
transform = Transform3D(-0.457165, 0, 0.889382, 0, 1, 0, -0.889382, 0, -0.457165, 4.72885, 0, -92.7136)
script = ExtResource("8_tereu")
platform_scenes = Array[PackedScene]([ExtResource("12_wlxy5"), ExtResource("13_3v7ru"), ExtResource("22_2yde8")])
randomize_in_editor = true

[node name="@Node3D@30144" type="Node3D" parent="Level" instance=ExtResource("7_6iypd")]
transform = Transform3D(0.985471, 0, -0.169845, 0, 1, 0, 0.169845, 0, 0.985471, -0.00278711, 0, -97.5988)
script = ExtResource("8_tereu")
platform_scenes = Array[PackedScene]([ExtResource("9_cdqbm"), ExtResource("10_imku0"), ExtResource("19_obt1j"), ExtResource("9_cdqbm"), ExtResource("10_imku0")])
randomize_in_editor = true

[node name="@Node3D@30146" type="Node3D" parent="Level" instance=ExtResource("11_imku0")]
transform = Transform3D(0.204745, 0, -0.978815, 0, 1, 0, 0.978815, 0, 0.204745, -4.5525, 0, -102.259)
script = ExtResource("8_tereu")
platform_scenes = Array[PackedScene]([ExtResource("12_wlxy5"), ExtResource("13_3v7ru"), ExtResource("22_2yde8")])
randomize_in_editor = true

[node name="@Node3D@30148" type="Node3D" parent="Level" instance=ExtResource("11_imku0")]
transform = Transform3D(0.236708, 0, -0.971581, 0, 1, 0, 0.971581, 0, 0.236708, -5.27355, 0, -106.002)
script = ExtResource("8_tereu")
platform_scenes = Array[PackedScene]([ExtResource("12_wlxy5"), ExtResource("13_3v7ru"), ExtResource("22_2yde8")])
randomize_in_editor = true

[node name="@Node3D@30150" type="Node3D" parent="Level" instance=ExtResource("7_6iypd")]
transform = Transform3D(0.697349, 0, -0.716731, 0, 1, 0, 0.716731, 0, 0.697349, -9.16914, 0, -109.906)
script = ExtResource("8_tereu")
platform_scenes = Array[PackedScene]([ExtResource("9_cdqbm"), ExtResource("10_imku0"), ExtResource("19_obt1j"), ExtResource("9_cdqbm"), ExtResource("10_imku0")])
randomize_in_editor = true

[node name="@Node3D@30152" type="Node3D" parent="Level" instance=ExtResource("17_nu31w")]
transform = Transform3D(-0.220244, 0, 0.975445, 0, 1, 0, -0.975445, 0, -0.220244, -8.39685, 0, -114.388)
script = ExtResource("8_tereu")
platform_scenes = Array[PackedScene]([ExtResource("18_obt1j")])
randomize_in_editor = true

[node name="@Node3D@30154" type="Node3D" parent="Level" instance=ExtResource("17_nu31w")]
transform = Transform3D(0.212641, 0, 0.97713, 0, 1, 0, -0.97713, 0, 0.212641, -5.80039, 0, -120.019)
script = ExtResource("8_tereu")
platform_scenes = Array[PackedScene]([ExtResource("18_obt1j")])
randomize_in_editor = true

[node name="@Node3D@30156" type="Node3D" parent="Level" instance=ExtResource("17_nu31w")]
transform = Transform3D(-0.541836, 0, -0.840484, 0, 1, 0, 0.840484, 0, -0.541836, -6.98044, 0, -124.861)
script = ExtResource("8_tereu")
platform_scenes = Array[PackedScene]([ExtResource("18_obt1j")])
randomize_in_editor = true

[node name="@Node3D@30158" type="Node3D" parent="Level" instance=ExtResource("11_imku0")]
transform = Transform3D(0.857183, 0, 0.515012, 0, 1, 0, -0.515012, 0, 0.857183, -7.8795, 0, -117.11)
script = ExtResource("8_tereu")
platform_scenes = Array[PackedScene]([ExtResource("12_wlxy5"), ExtResource("13_3v7ru"), ExtResource("22_2yde8")])
randomize_in_editor = true

[node name="@Node3D@30160" type="Node3D" parent="Level" instance=ExtResource("17_nu31w")]
transform = Transform3D(0.431141, 0, 0.902285, 0, 1, 0, -0.902285, 0, 0.431141, -10.4738, 0, -120.784)
script = ExtResource("8_tereu")
platform_scenes = Array[PackedScene]([ExtResource("18_obt1j")])
randomize_in_editor = true

[node name="@Node3D@30162" type="Node3D" parent="Level" instance=ExtResource("7_6iypd")]
transform = Transform3D(0.821964, 0, -0.56954, 0, 1, 0, 0.56954, 0, 0.821964, -10.4387, 0, -124.626)
script = ExtResource("8_tereu")
platform_scenes = Array[PackedScene]([ExtResource("9_cdqbm"), ExtResource("10_imku0"), ExtResource("19_obt1j"), ExtResource("9_cdqbm"), ExtResource("10_imku0")])
randomize_in_editor = true

[node name="@Node3D@30164" type="Node3D" parent="Level" instance=ExtResource("11_imku0")]
transform = Transform3D(-0.956723, 0, -0.291001, 0, 1, 0, 0.291001, 0, -0.956723, -4.92504, 0, -109.222)
script = ExtResource("8_tereu")
platform_scenes = Array[PackedScene]([ExtResource("12_wlxy5"), ExtResource("13_3v7ru"), ExtResource("22_2yde8")])
randomize_in_editor = true

[node name="@Node3D@30166" type="Node3D" parent="Level" instance=ExtResource("17_nu31w")]
transform = Transform3D(0.986553, 0, -0.163441, 0, 1, 0, 0.163441, 0, 0.986553, -1.61487, 0, -113.217)
script = ExtResource("8_tereu")
platform_scenes = Array[PackedScene]([ExtResource("18_obt1j")])
randomize_in_editor = true

[node name="@Node3D@30168" type="Node3D" parent="Level" instance=ExtResource("17_nu31w")]
transform = Transform3D(0.997137, 0, -0.0756216, 0, 1, 0, 0.0756216, 0, 0.997137, -5.55169, 0, -114.89)
script = ExtResource("8_tereu")
platform_scenes = Array[PackedScene]([ExtResource("18_obt1j")])
randomize_in_editor = true

[node name="@Node3D@30170" type="Node3D" parent="Level" instance=ExtResource("11_imku0")]
transform = Transform3D(-0.0997346, 0, 0.995014, 0, 1, 0, -0.995014, 0, -0.0997346, -5.33559, 0, -117.39)
script = ExtResource("8_tereu")
platform_scenes = Array[PackedScene]([ExtResource("12_wlxy5"), ExtResource("13_3v7ru"), ExtResource("22_2yde8")])
randomize_in_editor = true

[node name="@Node3D@30172" type="Node3D" parent="Level" instance=ExtResource("17_nu31w")]
transform = Transform3D(0.231659, 0, 0.972797, 0, 1, 0, -0.972797, 0, 0.231659, -2.39473, 0, -121.441)
script = ExtResource("8_tereu")
platform_scenes = Array[PackedScene]([ExtResource("18_obt1j")])
randomize_in_editor = true

[node name="@Node3D@30174" type="Node3D" parent="Level" instance=ExtResource("17_nu31w")]
transform = Transform3D(-0.406299, 0, -0.91374, 0, 1, 0, 0.91374, 0, -0.406299, -1.67552, 0, -123.89)
script = ExtResource("8_tereu")
platform_scenes = Array[PackedScene]([ExtResource("18_obt1j")])
randomize_in_editor = true

[node name="@Node3D@30176" type="Node3D" parent="Level" instance=ExtResource("11_imku0")]
transform = Transform3D(0.793575, 0, -0.608473, 0, 1, 0, 0.608473, 0, 0.793575, 6.12074, 0, -34.5021)
script = ExtResource("8_tereu")
platform_scenes = Array[PackedScene]([ExtResource("12_wlxy5"), ExtResource("13_3v7ru"), ExtResource("22_2yde8")])
randomize_in_editor = true

[node name="@Node3D@30178" type="Node3D" parent="Level" instance=ExtResource("17_nu31w")]
transform = Transform3D(0.164276, 0, -0.986414, 0, 1, 0, 0.986414, 0, 0.164276, 3.05158, 0, -40.8758)
script = ExtResource("8_tereu")
platform_scenes = Array[PackedScene]([ExtResource("18_obt1j")])
randomize_in_editor = true

[node name="@Node3D@30180" type="Node3D" parent="Level" instance=ExtResource("7_6iypd")]
transform = Transform3D(-0.149902, 0, 0.988701, 0, 1, 0, -0.988701, 0, -0.149902, 6.58023, 0, -44.9695)
script = ExtResource("8_tereu")
platform_scenes = Array[PackedScene]([ExtResource("9_cdqbm"), ExtResource("10_imku0"), ExtResource("19_obt1j"), ExtResource("9_cdqbm"), ExtResource("10_imku0")])
randomize_in_editor = true

[node name="@Node3D@30182" type="Node3D" parent="Level" instance=ExtResource("11_imku0")]
transform = Transform3D(0.0361321, 0, -0.999347, 0, 1, 0, 0.999347, 0, 0.0361321, 6.41172, 0, -17.2076)
script = ExtResource("8_tereu")
platform_scenes = Array[PackedScene]([ExtResource("12_wlxy5"), ExtResource("13_3v7ru"), ExtResource("22_2yde8")])
randomize_in_editor = true

[node name="@Node3D@30184" type="Node3D" parent="Level" instance=ExtResource("17_nu31w")]
transform = Transform3D(0.999096, 0, -0.0425152, 0, 1, 0, 0.0425152, 0, 0.999096, 5.32761, 0, -19.6913)
script = ExtResource("8_tereu")
platform_scenes = Array[PackedScene]([ExtResource("18_obt1j")])
randomize_in_editor = true

[node name="@Node3D@30186" type="Node3D" parent="Level" instance=ExtResource("7_6iypd")]
transform = Transform3D(-0.928447, 0, -0.371464, 0, 1, 0, 0.371464, 0, -0.928447, 9.39454, 0, -25.0339)
script = ExtResource("8_tereu")
platform_scenes = Array[PackedScene]([ExtResource("9_cdqbm"), ExtResource("10_imku0"), ExtResource("19_obt1j"), ExtResource("9_cdqbm"), ExtResource("10_imku0")])
randomize_in_editor = true

[node name="@Node3D@30188" type="Node3D" parent="Level" instance=ExtResource("11_imku0")]
transform = Transform3D(-0.729829, 0, 0.68363, 0, 1, 0, -0.68363, 0, -0.729829, 8.33335, 0, -29.5016)
script = ExtResource("8_tereu")
platform_scenes = Array[PackedScene]([ExtResource("12_wlxy5"), ExtResource("13_3v7ru"), ExtResource("22_2yde8")])
randomize_in_editor = true

[node name="@Node3D@30190" type="Node3D" parent="Level" instance=ExtResource("17_nu31w")]
transform = Transform3D(-0.612384, 0, -0.790561, 0, 1, 0, 0.790561, 0, -0.612384, -1.17349, 0, -3.26223)
script = ExtResource("8_tereu")
platform_scenes = Array[PackedScene]([ExtResource("18_obt1j")])
randomize_in_editor = true

[node name="@Node3D@30192" type="Node3D" parent="Level" instance=ExtResource("7_6iypd")]
transform = Transform3D(-0.21344, 0, 0.976956, 0, 1, 0, -0.976956, 0, -0.21344, -0.344626, 0, -6.54107)
script = ExtResource("8_tereu")
platform_scenes = Array[PackedScene]([ExtResource("9_cdqbm"), ExtResource("10_imku0"), ExtResource("19_obt1j"), ExtResource("9_cdqbm"), ExtResource("10_imku0")])
randomize_in_editor = true

[node name="@Node3D@30194" type="Node3D" parent="Level" instance=ExtResource("17_nu31w")]
transform = Transform3D(0.449459, 0, -0.893301, 0, 1, 0, 0.893301, 0, 0.449459, -3.64401, 0, -10.8841)
script = ExtResource("8_tereu")
platform_scenes = Array[PackedScene]([ExtResource("18_obt1j")])
randomize_in_editor = true

[node name="@Node3D@30196" type="Node3D" parent="Level" instance=ExtResource("11_imku0")]
transform = Transform3D(-0.929365, 0, 0.369161, 0, 1, 0, -0.369161, 0, -0.929365, -0.444566, 0, -14.4212)
script = ExtResource("8_tereu")
platform_scenes = Array[PackedScene]([ExtResource("12_wlxy5"), ExtResource("13_3v7ru"), ExtResource("22_2yde8")])
randomize_in_editor = true

[node name="@Node3D@30198" type="Node3D" parent="Level" instance=ExtResource("7_6iypd")]
transform = Transform3D(0.328644, 0, 0.944454, 0, 1, 0, -0.944454, 0, 0.328644, 0.931648, 0, -21.3969)
script = ExtResource("8_tereu")
platform_scenes = Array[PackedScene]([ExtResource("9_cdqbm"), ExtResource("10_imku0"), ExtResource("19_obt1j"), ExtResource("9_cdqbm"), ExtResource("10_imku0")])
randomize_in_editor = true

[node name="@Node3D@30200" type="Node3D" parent="Level" instance=ExtResource("17_nu31w")]
transform = Transform3D(-0.538066, 0, -0.842902, 0, 1, 0, 0.842902, 0, -0.538066, -0.859646, 0, -24.1074)
script = ExtResource("8_tereu")
platform_scenes = Array[PackedScene]([ExtResource("18_obt1j")])
randomize_in_editor = true

[node name="@Node3D@30202" type="Node3D" parent="Level" instance=ExtResource("17_nu31w")]
transform = Transform3D(0.0616555, 0, -0.998097, 0, 1, 0, 0.998097, 0, 0.0616555, -3.8357, 0, -15.1056)
script = ExtResource("8_tereu")
platform_scenes = Array[PackedScene]([ExtResource("18_obt1j")])
randomize_in_editor = true

[node name="@Node3D@30204" type="Node3D" parent="Level" instance=ExtResource("17_nu31w")]
transform = Transform3D(0.994019, 0, -0.10921, 0, 1, 0, 0.10921, 0, 0.994019, -6.18115, 0, -18.1424)
script = ExtResource("8_tereu")
platform_scenes = Array[PackedScene]([ExtResource("18_obt1j")])
randomize_in_editor = true

[node name="@Node3D@30206" type="Node3D" parent="Level" instance=ExtResource("11_imku0")]
transform = Transform3D(-0.941216, 0, -0.337805, 0, 1, 0, 0.337805, 0, -0.941216, -4.53455, 0, -24.666)
script = ExtResource("8_tereu")
platform_scenes = Array[PackedScene]([ExtResource("12_wlxy5"), ExtResource("13_3v7ru"), ExtResource("22_2yde8")])
randomize_in_editor = true

[node name="@Node3D@30208" type="Node3D" parent="Level" instance=ExtResource("7_6iypd")]
transform = Transform3D(0.705844, 0, 0.708368, 0, 1, 0, -0.708368, 0, 0.705844, -1.6095, 0, -28.0387)
script = ExtResource("8_tereu")
platform_scenes = Array[PackedScene]([ExtResource("9_cdqbm"), ExtResource("10_imku0"), ExtResource("19_obt1j"), ExtResource("9_cdqbm"), ExtResource("10_imku0")])
randomize_in_editor = true

[node name="@Node3D@30210" type="Node3D" parent="Level" instance=ExtResource("7_6iypd")]
transform = Transform3D(-0.999136, 0, 0.0415662, 0, 1, 0, -0.0415662, 0, -0.999136, -1.69195, 0, -33.7251)
script = ExtResource("8_tereu")
platform_scenes = Array[PackedScene]([ExtResource("9_cdqbm"), ExtResource("10_imku0"), ExtResource("19_obt1j"), ExtResource("9_cdqbm"), ExtResource("10_imku0")])
randomize_in_editor = true

[node name="@Node3D@30212" type="Node3D" parent="Level" instance=ExtResource("17_nu31w")]
transform = Transform3D(0.864938, 0, 0.50188, 0, 1, 0, -0.50188, 0, 0.864938, 2.35875, 0, -38.3211)
script = ExtResource("8_tereu")
platform_scenes = Array[PackedScene]([ExtResource("18_obt1j")])
randomize_in_editor = true

[node name="@Node3D@30214" type="Node3D" parent="Level" instance=ExtResource("17_nu31w")]
transform = Transform3D(0.181855, 0, -0.983325, 0, 1, 0, 0.983325, 0, 0.181855, -1.88435, 0, -40.7122)
script = ExtResource("8_tereu")
platform_scenes = Array[PackedScene]([ExtResource("18_obt1j")])
randomize_in_editor = true

[node name="@Node3D@30216" type="Node3D" parent="Level" instance=ExtResource("17_nu31w")]
transform = Transform3D(-0.923425, 0, 0.38378, 0, 1, 0, -0.38378, 0, -0.923425, -3.12013, 0, -46.5761)
script = ExtResource("8_tereu")
platform_scenes = Array[PackedScene]([ExtResource("18_obt1j")])
randomize_in_editor = true

[node name="@Node3D@30218" type="Node3D" parent="Level" instance=ExtResource("11_imku0")]
transform = Transform3D(-0.233664, 0, -0.972317, 0, 1, 0, 0.972317, 0, -0.233664, -5.54704, 0, -49.0676)
script = ExtResource("8_tereu")
platform_scenes = Array[PackedScene]([ExtResource("12_wlxy5"), ExtResource("13_3v7ru"), ExtResource("22_2yde8")])
randomize_in_editor = true

[node name="@Node3D@30220" type="Node3D" parent="Level" instance=ExtResource("11_imku0")]
transform = Transform3D(0.647135, 0, -0.762376, 0, 1, 0, 0.762376, 0, 0.647135, -8.32352, 0, -53.3105)
script = ExtResource("8_tereu")
platform_scenes = Array[PackedScene]([ExtResource("12_wlxy5"), ExtResource("13_3v7ru"), ExtResource("22_2yde8")])
randomize_in_editor = true

[node name="@Node3D@30222" type="Node3D" parent="Level" instance=ExtResource("7_6iypd")]
transform = Transform3D(0.997965, 0, 0.0637715, 0, 1, 0, -0.0637715, 0, 0.997965, -10.4592, 0, -56.3339)
script = ExtResource("8_tereu")
platform_scenes = Array[PackedScene]([ExtResource("9_cdqbm"), ExtResource("10_imku0"), ExtResource("19_obt1j"), ExtResource("9_cdqbm"), ExtResource("10_imku0")])
randomize_in_editor = true

[node name="@Node3D@30224" type="Node3D" parent="Level" instance=ExtResource("7_6iypd")]
transform = Transform3D(-0.758623, 0, 0.65153, 0, 1, 0, -0.65153, 0, -0.758623, -7.39931, 0, -60.5479)
script = ExtResource("8_tereu")
platform_scenes = Array[PackedScene]([ExtResource("9_cdqbm"), ExtResource("10_imku0"), ExtResource("19_obt1j"), ExtResource("9_cdqbm"), ExtResource("10_imku0")])
randomize_in_editor = true

[node name="@Node3D@30226" type="Node3D" parent="Level" instance=ExtResource("17_nu31w")]
transform = Transform3D(0.963807, 0, -0.266603, 0, 1, 0, 0.266603, 0, 0.963807, -8.52351, 0, -67.3116)
script = ExtResource("8_tereu")
platform_scenes = Array[PackedScene]([ExtResource("18_obt1j")])
randomize_in_editor = true

[node name="@Node3D@30228" type="Node3D" parent="Level" instance=ExtResource("7_6iypd")]
transform = Transform3D(0.996918, 0, -0.078448, 0, 1, 0, 0.078448, 0, 0.996918, -8.48206, 0, -71.5612)
script = ExtResource("8_tereu")
platform_scenes = Array[PackedScene]([ExtResource("9_cdqbm"), ExtResource("10_imku0"), ExtResource("19_obt1j"), ExtResource("9_cdqbm"), ExtResource("10_imku0")])
randomize_in_editor = true

[node name="@Node3D@30230" type="Node3D" parent="Level" instance=ExtResource("7_6iypd")]
transform = Transform3D(0.985164, 0, -0.171613, 0, 1, 0, 0.171613, 0, 0.985164, -7.6969, 0, -76.2345)
script = ExtResource("8_tereu")
platform_scenes = Array[PackedScene]([ExtResource("9_cdqbm"), ExtResource("10_imku0"), ExtResource("19_obt1j"), ExtResource("9_cdqbm"), ExtResource("10_imku0")])
randomize_in_editor = true

[node name="@Node3D@30232" type="Node3D" parent="Level" instance=ExtResource("17_nu31w")]
transform = Transform3D(-0.0545195, 0, 0.998513, 0, 1, 0, -0.998513, 0, -0.0545195, -10.8324, 0, -82.8801)
script = ExtResource("8_tereu")
platform_scenes = Array[PackedScene]([ExtResource("18_obt1j")])
randomize_in_editor = true

[node name="@Node3D@30234" type="Node3D" parent="Level" instance=ExtResource("7_6iypd")]
transform = Transform3D(0.942477, 0, 0.334272, 0, 1, 0, -0.334272, 0, 0.942477, -9.52849, 0, -90.1385)
script = ExtResource("8_tereu")
