[gd_scene load_steps=33 format=3 uid="uid://3f7k8dolqfhh"]

[ext_resource type="PackedScene" uid="uid://g4tbrr3sfui2" path="res://player.tscn" id="1_a202f"]
[ext_resource type="Script" uid="uid://b85s3xfg6xv8i" path="res://game_manager.gd" id="1_tereu"]
[ext_resource type="FontFile" uid="uid://decj3qo5pg26d" path="res://kirifont/KiriFont.otf" id="2_cdqbm"]
[ext_resource type="LabelSettings" uid="uid://b32jxxg8k3j45" path="res://custom.tres" id="2_tereu"]
[ext_resource type="LabelSettings" uid="uid://c2fbmgdggtmr8" path="res://leaderboard.tres" id="4_imku0"]
[ext_resource type="PackedScene" uid="uid://o6nh6fno5b0d" path="res://level/level.tscn" id="6_i5arm"]
[ext_resource type="PackedScene" uid="uid://berc3ktdu00jq" path="res://water_grid.tscn" id="6_jsk3o"]
[ext_resource type="PackedScene" uid="uid://cloxm7yrf3dau" path="res://player4.tscn" id="6_vxd74"]
[ext_resource type="PackedScene" uid="uid://6kx5nm2ecru" path="res://items/generators/items.tscn" id="6_wc5p8"]
[ext_resource type="PackedScene" uid="uid://bgowpuve5rom4" path="res://level/1x1/1x1.tscn" id="7_6iypd"]
[ext_resource type="PackedScene" uid="uid://cwjt7a54ooioq" path="res://player3.tscn" id="7_dhlwf"]
[ext_resource type="PackedScene" uid="uid://oa4gk1w85htb" path="res://kill_zone.tscn" id="7_wc5p8"]
[ext_resource type="PackedScene" uid="uid://685x3hhuvr5l" path="res://player2.tscn" id="8_5t8nk"]
[ext_resource type="Script" uid="uid://4ohwjxvwlf14" path="res://scripts/random_platform.gd" id="8_tereu"]
[ext_resource type="PackedScene" uid="uid://bau54xbcyquty" path="res://goal.tscn" id="9_4arys"]
[ext_resource type="PackedScene" uid="uid://evotmterwgic" path="res://level/1x1/0.tscn" id="9_cdqbm"]
[ext_resource type="PackedScene" uid="uid://bq3jgcl0fepk2" path="res://level/1x1/1.tscn" id="10_imku0"]
[ext_resource type="PackedScene" uid="uid://bct2vsr7ymxi4" path="res://level/2x2/2x2.tscn" id="11_imku0"]
[ext_resource type="PackedScene" uid="uid://l2l3mvvrqhsu" path="res://level/2x2/0.tscn" id="12_wlxy5"]
[ext_resource type="PackedScene" uid="uid://da3dp6rlapf65" path="res://level/2x2/1.tscn" id="13_3v7ru"]
[ext_resource type="PackedScene" uid="uid://ck51bdne8ldwv" path="res://island.tscn" id="14_wlxy5"]
[ext_resource type="PackedScene" uid="uid://bpulflnw0vw5l" path="res://level/2x1/2x1.tscn" id="17_nu31w"]
[ext_resource type="PackedScene" uid="uid://dviuybxhwu1ho" path="res://level/2x1/0.tscn" id="18_obt1j"]
[ext_resource type="PackedScene" uid="uid://gof5kolddo3a" path="res://level/1x1/2.tscn" id="19_obt1j"]
[ext_resource type="PackedScene" uid="uid://bsmlem37lo4th" path="res://level/2x2/2.tscn" id="22_2yde8"]
[ext_resource type="PackedScene" uid="uid://csmc4dfieimjx" path="res://meshes/Startplatform/Startingplatform.tscn" id="24_dhlwf"]

[sub_resource type="LabelSettings" id="LabelSettings_cdqbm"]
font = ExtResource("2_cdqbm")
font_size = 300
outline_size = 40
outline_color = Color(0, 0, 0, 1)

[sub_resource type="StyleBoxFlat" id="StyleBoxFlat_cdqbm"]
bg_color = Color(7.52043e-08, 0.0590926, 0.150703, 0.411765)

[sub_resource type="ProceduralSkyMaterial" id="ProceduralSkyMaterial_noarx"]

[sub_resource type="Sky" id="Sky_noarx"]
sky_material = SubResource("ProceduralSkyMaterial_noarx")

[sub_resource type="Environment" id="Environment_a0tk4"]
background_mode = 2
background_energy_multiplier = 2.5
sky = SubResource("Sky_noarx")

[sub_resource type="CameraAttributesPractical" id="CameraAttributesPractical_noarx"]

[node name="Game" type="Node3D"]

[node name="GameManager" type="Node" parent="."]
script = ExtResource("1_tereu")

[node name="CanvasLayer" type="CanvasLayer" parent="GameManager"]
layer = 100

[node name="SharedLabel" type="Label" parent="GameManager/CanvasLayer"]
custom_minimum_size = Vector2(400, 400)
anchors_preset = 8
anchor_left = 0.5
anchor_top = 0.5
anchor_right = 0.5
anchor_bottom = 0.5
offset_left = -960.0
offset_top = -540.0
offset_right = 960.0
offset_bottom = 540.0
grow_horizontal = 2
grow_vertical = 2
pivot_offset = Vector2(960, 540)
size_flags_vertical = 1
theme_override_font_sizes/font_size = 50
label_settings = ExtResource("2_tereu")
horizontal_alignment = 1
vertical_alignment = 1
autowrap_mode = 2
metadata/_edit_use_anchors_ = true

[node name="SharedLabel2" type="Label" parent="GameManager/CanvasLayer"]
custom_minimum_size = Vector2(2000, 1200)
anchors_preset = 8
anchor_left = 0.5
anchor_top = 0.5
anchor_right = 0.5
anchor_bottom = 0.5
offset_left = -1000.0
offset_top = -600.0
offset_right = 1000.0
offset_bottom = 600.0
grow_horizontal = 2
grow_vertical = 2
size_flags_vertical = 1
text = " "
label_settings = SubResource("LabelSettings_cdqbm")
horizontal_alignment = 1
vertical_alignment = 1
autowrap_mode = 2
metadata/_edit_use_anchors_ = true

[node name="opacity" type="Panel" parent="GameManager/CanvasLayer"]
visible = false
anchors_preset = 15
anchor_right = 1.0
anchor_bottom = 1.0
grow_horizontal = 2
grow_vertical = 2
size_flags_horizontal = 4
size_flags_vertical = 4
theme_override_styles/panel = SubResource("StyleBoxFlat_cdqbm")

[node name="Leaderboard" type="Panel" parent="GameManager/CanvasLayer/opacity"]
custom_minimum_size = Vector2(500, 500)
layout_mode = 1
anchors_preset = 8
anchor_left = 0.5
anchor_top = 0.5
anchor_right = 0.5
anchor_bottom = 0.5
offset_left = -250.0
offset_top = -250.0
offset_right = 250.0
offset_bottom = 250.0
grow_horizontal = 2
grow_vertical = 2

[node name="VBoxContainer" type="VBoxContainer" parent="GameManager/CanvasLayer/opacity/Leaderboard"]
layout_mode = 1
anchors_preset = 15
anchor_right = 1.0
anchor_bottom = 1.0
grow_horizontal = 2
grow_vertical = 2
theme_override_constants/separation = 20

[node name="Score1st" type="Label" parent="GameManager/CanvasLayer/opacity/Leaderboard/VBoxContainer"]
custom_minimum_size = Vector2(100, 100)
layout_mode = 2
size_flags_vertical = 3
label_settings = ExtResource("4_imku0")
horizontal_alignment = 1
vertical_alignment = 1
autowrap_mode = 2

[node name="Score2nd" type="Label" parent="GameManager/CanvasLayer/opacity/Leaderboard/VBoxContainer"]
custom_minimum_size = Vector2(100, 100)
layout_mode = 2
size_flags_vertical = 3
label_settings = ExtResource("4_imku0")
horizontal_alignment = 1
vertical_alignment = 1
autowrap_mode = 2

[node name="Score3rd" type="Label" parent="GameManager/CanvasLayer/opacity/Leaderboard/VBoxContainer"]
custom_minimum_size = Vector2(100, 100)
layout_mode = 2
size_flags_vertical = 3
label_settings = ExtResource("4_imku0")
horizontal_alignment = 1
vertical_alignment = 1
autowrap_mode = 2

[node name="Score4th" type="Label" parent="GameManager/CanvasLayer/opacity/Leaderboard/VBoxContainer"]
custom_minimum_size = Vector2(100, 100)
layout_mode = 2
size_flags_vertical = 3
label_settings = ExtResource("4_imku0")
horizontal_alignment = 1
vertical_alignment = 1
autowrap_mode = 2

[node name="Leaderboard2" type="Panel" parent="GameManager/CanvasLayer/opacity"]
visible = false
custom_minimum_size = Vector2(1000, 150)
layout_mode = 1
anchors_preset = 8
anchor_left = 0.5
anchor_top = 0.5
anchor_right = 0.5
anchor_bottom = 0.5
offset_left = -500.0
offset_top = 140.0
offset_right = 500.0
offset_bottom = 290.0
grow_horizontal = 2
grow_vertical = 2

[node name="MarginContainer" type="MarginContainer" parent="GameManager/CanvasLayer/opacity/Leaderboard2"]
layout_mode = 1
anchors_preset = 15
anchor_right = 1.0
anchor_bottom = 1.0
grow_horizontal = 2
grow_vertical = 2
theme_override_constants/margin_left = 30
theme_override_constants/margin_top = 30
theme_override_constants/margin_right = 30
theme_override_constants/margin_bottom = 30

[node name="HBoxContainer" type="HBoxContainer" parent="GameManager/CanvasLayer/opacity/Leaderboard2/MarginContainer"]
custom_minimum_size = Vector2(1000, 0)
layout_mode = 2
theme_override_constants/separation = 100

[node name="Options" type="Button" parent="GameManager/CanvasLayer/opacity/Leaderboard2/MarginContainer/HBoxContainer"]
layout_mode = 2
size_flags_horizontal = 3
size_flags_vertical = 3
theme_override_fonts/font = ExtResource("2_cdqbm")
theme_override_font_sizes/font_size = 50
text = "Options"

[node name="StartGame" type="Button" parent="GameManager/CanvasLayer/opacity/Leaderboard2/MarginContainer/HBoxContainer"]
layout_mode = 2
size_flags_horizontal = 3
size_flags_vertical = 3
theme_override_fonts/font = ExtResource("2_cdqbm")
theme_override_font_sizes/font_size = 50
text = "Restart"

[node name="Quit" type="Button" parent="GameManager/CanvasLayer/opacity/Leaderboard2/MarginContainer/HBoxContainer"]
layout_mode = 2
size_flags_horizontal = 3
size_flags_vertical = 3
theme_override_fonts/font = ExtResource("2_cdqbm")
theme_override_font_sizes/font_size = 50
text = "quit"

[node name="DirectionalLight3D" type="DirectionalLight3D" parent="."]
transform = Transform3D(-0.534213, -0.815404, -0.223011, -0.284691, -0.0748638, 0.955692, -0.79597, 0.574032, -0.192145, -4.2404, 11.0469, -3.46405)
shadow_enabled = true

[node name="WorldEnvironment" type="WorldEnvironment" parent="."]
environment = SubResource("Environment_a0tk4")
camera_attributes = SubResource("CameraAttributesPractical_noarx")

[node name="GridContainer" type="GridContainer" parent="."]
anchors_preset = 15
anchor_right = 1.0
anchor_bottom = 1.0
grow_horizontal = 2
grow_vertical = 2
columns = 2

[node name="SubViewportContainer" type="SubViewportContainer" parent="GridContainer"]
layout_mode = 2
size_flags_horizontal = 3
size_flags_vertical = 3
stretch = true

[node name="SubViewport" type="SubViewport" parent="GridContainer/SubViewportContainer"]
handle_input_locally = false
size = Vector2i(958, 538)
render_target_update_mode = 4

[node name="Player" parent="GridContainer/SubViewportContainer/SubViewport" instance=ExtResource("1_a202f")]
transform = Transform3D(1, 0, 0, 0, 1, 0, 0, 0, 1, 0, 10, 0)
axis_lock_angular_y = true

[node name="IconTexture" type="TextureRect" parent="GridContainer/SubViewportContainer/SubViewport/Player"]
offset_right = 150.0
offset_bottom = 150.0
expand_mode = 1

[node name="PointsLabel" type="Label" parent="GridContainer/SubViewportContainer/SubViewport/Player"]
custom_minimum_size = Vector2(300, 0)
anchors_preset = 2
anchor_top = 1.0
anchor_bottom = 1.0
offset_top = -23.0
offset_right = 79.0
grow_vertical = 0
horizontal_alignment = 2

[node name="MarginContainer" type="MarginContainer" parent="GridContainer/SubViewportContainer/SubViewport/Player"]
visible = false
offset_left = 20.0
offset_top = 20.0
offset_right = 60.0
offset_bottom = 61.0

[node name="CurrItemLabel" type="Label" parent="GridContainer/SubViewportContainer/SubViewport/Player/MarginContainer"]
layout_mode = 2

[node name="SubViewportContainer2" type="SubViewportContainer" parent="GridContainer"]
layout_mode = 2
size_flags_horizontal = 3
size_flags_vertical = 3
stretch = true

[node name="SubViewport" type="SubViewport" parent="GridContainer/SubViewportContainer2"]
handle_input_locally = false
size = Vector2i(958, 538)
render_target_update_mode = 4

[node name="Player2" parent="GridContainer/SubViewportContainer2/SubViewport" instance=ExtResource("8_5t8nk")]
transform = Transform3D(1, 0, 0, 0, 1, 0, 0, 0, 1, 2.5, 10, 0)

[node name="PointsLabel" type="Label" parent="GridContainer/SubViewportContainer2/SubViewport/Player2"]
custom_minimum_size = Vector2(320, 0)
anchors_preset = 3
anchor_left = 1.0
anchor_top = 1.0
anchor_right = 1.0
anchor_bottom = 1.0
offset_left = -79.0
offset_top = -41.0
grow_horizontal = 0
grow_vertical = 0

[node name="MarginContainer" type="MarginContainer" parent="GridContainer/SubViewportContainer2/SubViewport/Player2"]
visible = false
anchors_preset = 1
anchor_left = 1.0
anchor_right = 1.0
offset_left = -40.0
offset_bottom = 41.0
grow_horizontal = 0

[node name="CurrItemLabel" type="Label" parent="GridContainer/SubViewportContainer2/SubViewport/Player2/MarginContainer"]
layout_mode = 2

[node name="IconTexture" type="TextureRect" parent="GridContainer/SubViewportContainer2/SubViewport/Player2"]
anchors_preset = 1
anchor_left = 1.0
anchor_right = 1.0
offset_left = -150.0
offset_bottom = 150.0
grow_horizontal = 0
expand_mode = 1

[node name="SubViewportContainer3" type="SubViewportContainer" parent="GridContainer"]
layout_mode = 2
size_flags_horizontal = 3
size_flags_vertical = 3
stretch = true

[node name="SubViewport" type="SubViewport" parent="GridContainer/SubViewportContainer3"]
handle_input_locally = false
size = Vector2i(958, 538)
render_target_update_mode = 4

[node name="Player3" parent="GridContainer/SubViewportContainer3/SubViewport" instance=ExtResource("7_dhlwf")]
transform = Transform3D(1, 0, 0, 0, 1, 0, 0, 0, 1, 5, 10, 0)

[node name="IconTexture" type="TextureRect" parent="GridContainer/SubViewportContainer3/SubViewport/Player3"]
anchors_preset = 2
anchor_top = 1.0
anchor_bottom = 1.0
offset_top = -150.0
offset_right = 150.0
grow_vertical = 0
expand_mode = 1

[node name="PointsLabel" type="Label" parent="GridContainer/SubViewportContainer3/SubViewport/Player3"]
custom_minimum_size = Vector2(300, 0)
anchors_preset = 2
anchor_top = 1.0
anchor_bottom = 1.0
offset_top = -41.0
offset_right = 79.0
grow_vertical = 0
horizontal_alignment = 2

[node name="MarginContainer" type="MarginContainer" parent="GridContainer/SubViewportContainer3/SubViewport/Player3"]
visible = false
anchors_preset = 2
anchor_top = 1.0
anchor_bottom = 1.0
offset_top = -41.0
offset_right = 40.0
grow_vertical = 0

[node name="CurrItemLabel" type="Label" parent="GridContainer/SubViewportContainer3/SubViewport/Player3/MarginContainer"]
layout_mode = 2

[node name="SubViewportContainer4" type="SubViewportContainer" parent="GridContainer"]
layout_mode = 2
size_flags_horizontal = 3
size_flags_vertical = 3
stretch = true

[node name="SubViewport" type="SubViewport" parent="GridContainer/SubViewportContainer4"]
handle_input_locally = false
size = Vector2i(958, 538)
render_target_update_mode = 4

[node name="Player4" parent="GridContainer/SubViewportContainer4/SubViewport" instance=ExtResource("6_vxd74")]
transform = Transform3D(1, 0, 0, 0, 1, 0, 0, 0, 1, 7.5, 10, 0)

[node name="IconTexture" type="TextureRect" parent="GridContainer/SubViewportContainer4/SubViewport/Player4"]
anchors_preset = 3
anchor_left = 1.0
anchor_top = 1.0
anchor_right = 1.0
anchor_bottom = 1.0
offset_left = -150.0
offset_top = -150.0
grow_horizontal = 0
grow_vertical = 0
expand_mode = 1

[node name="PointsLabel" type="Label" parent="GridContainer/SubViewportContainer4/SubViewport/Player4"]
custom_minimum_size = Vector2(320, 0)
anchors_preset = 3
anchor_left = 1.0
anchor_top = 1.0
anchor_right = 1.0
anchor_bottom = 1.0
offset_left = -79.0
offset_top = -41.0
grow_horizontal = 0
grow_vertical = 0

[node name="MarginContainer" type="MarginContainer" parent="GridContainer/SubViewportContainer4/SubViewport/Player4"]
visible = false
anchors_preset = 3
anchor_left = 1.0
anchor_top = 1.0
anchor_right = 1.0
anchor_bottom = 1.0
offset_left = -40.0
offset_top = -41.0
grow_horizontal = 0
grow_vertical = 0

[node name="CurrItemLabel" type="Label" parent="GridContainer/SubViewportContainer4/SubViewport/Player4/MarginContainer"]
layout_mode = 2

[node name="Items" parent="." instance=ExtResource("6_wc5p8")]

[node name="Level" parent="." instance=ExtResource("6_i5arm")]

[node name="Node3D" type="Node3D" parent="Level" instance=ExtResource("17_nu31w")]
transform = Transform3D(-0.362497, 0, 0.931985, 0, 1, 0, -0.931985, 0, -0.362497, 0, 0, 0)
script = ExtResource("8_tereu")
platform_scenes = Array[PackedScene]([ExtResource("18_obt1j")])
randomize_in_editor = true

[node name="@Node3D@115097" type="Node3D" parent="Level" instance=ExtResource("17_nu31w")]
transform = Transform3D(0.986726, 0, 0.162396, 0, 1, 0, -0.162396, 0, 0.986726, -1.4511, 0, -5.90827)
script = ExtResource("8_tereu")
platform_scenes = Array[PackedScene]([ExtResource("18_obt1j")])
randomize_in_editor = true

[node name="@Node3D@115099" type="Node3D" parent="Level" instance=ExtResource("7_6iypd")]
transform = Transform3D(-0.438104, 0, -0.898925, 0, 1, 0, 0.898925, 0, -0.438104, 2.42154, 0, -10.8941)
script = ExtResource("8_tereu")
platform_scenes = Array[PackedScene]([ExtResource("9_cdqbm"), ExtResource("10_imku0"), ExtResource("19_obt1j"), ExtResource("9_cdqbm"), ExtResource("10_imku0")])
randomize_in_editor = true

[node name="@Node3D@115101" type="Node3D" parent="Level" instance=ExtResource("7_6iypd")]
transform = Transform3D(-0.166853, 0, -0.985982, 0, 1, 0, 0.985982, 0, -0.166853, 2.87126, 0, -15.1711)
script = ExtResource("8_tereu")
platform_scenes = Array[PackedScene]([ExtResource("9_cdqbm"), ExtResource("10_imku0"), ExtResource("19_obt1j"), ExtResource("9_cdqbm"), ExtResource("10_imku0")])
randomize_in_editor = true

[node name="@Node3D@115103" type="Node3D" parent="Level" instance=ExtResource("11_imku0")]
transform = Transform3D(-0.174483, 0, -0.98466, 0, 1, 0, 0.98466, 0, -0.174483, 4.3636, 0, -17.5537)
script = ExtResource("8_tereu")
platform_scenes = Array[PackedScene]([ExtResource("12_wlxy5"), ExtResource("13_3v7ru"), ExtResource("22_2yde8")])
randomize_in_editor = true

[node name="@Node3D@115105" type="Node3D" parent="Level" instance=ExtResource("7_6iypd")]
transform = Transform3D(-0.970052, 0, -0.242897, 0, 1, 0, 0.242897, 0, -0.970052, 2.06312, 0, -22.3747)
script = ExtResource("8_tereu")
platform_scenes = Array[PackedScene]([ExtResource("9_cdqbm"), ExtResource("10_imku0"), ExtResource("19_obt1j"), ExtResource("9_cdqbm"), ExtResource("10_imku0")])
randomize_in_editor = true

[node name="@Node3D@115107" type="Node3D" parent="Level" instance=ExtResource("11_imku0")]
transform = Transform3D(0.794748, 0, 0.60694, 0, 1, 0, -0.60694, 0, 0.794748, 5.80975, 0, -27.9662)
script = ExtResource("8_tereu")
platform_scenes = Array[PackedScene]([ExtResource("12_wlxy5"), ExtResource("13_3v7ru"), ExtResource("22_2yde8")])
randomize_in_editor = true

[node name="@Node3D@115109" type="Node3D" parent="Level" instance=ExtResource("11_imku0")]
transform = Transform3D(0.690043, 0, -0.723769, 0, 1, 0, 0.723769, 0, 0.690043, 6.02863, 0, -30.5692)
script = ExtResource("8_tereu")
platform_scenes = Array[PackedScene]([ExtResource("12_wlxy5"), ExtResource("13_3v7ru"), ExtResource("22_2yde8")])
randomize_in_editor = true

[node name="@Node3D@115111" type="Node3D" parent="Level" instance=ExtResource("17_nu31w")]
transform = Transform3D(-0.953912, 0, -0.300088, 0, 1, 0, 0.300088, 0, -0.953912, 4.30526, 0, -36.5253)
script = ExtResource("8_tereu")
platform_scenes = Array[PackedScene]([ExtResource("18_obt1j")])
randomize_in_editor = true

[node name="@Node3D@115113" type="Node3D" parent="Level" instance=ExtResource("17_nu31w")]
transform = Transform3D(-0.6009, 0, -0.799324, 0, 1, 0, 0.799324, 0, -0.6009, 5.34879, 0, -40.2887)
script = ExtResource("8_tereu")
platform_scenes = Array[PackedScene]([ExtResource("18_obt1j")])
randomize_in_editor = true

[node name="@Node3D@115115" type="Node3D" parent="Level" instance=ExtResource("7_6iypd")]
transform = Transform3D(0.503937, 0, -0.863741, 0, 1, 0, 0.863741, 0, 0.503937, 2.233, 0, -44.9295)
script = ExtResource("8_tereu")
platform_scenes = Array[PackedScene]([ExtResource("9_cdqbm"), ExtResource("10_imku0"), ExtResource("19_obt1j"), ExtResource("9_cdqbm"), ExtResource("10_imku0")])
randomize_in_editor = true

[node name="@Node3D@115117" type="Node3D" parent="Level" instance=ExtResource("7_6iypd")]
transform = Transform3D(-0.814477, 0, 0.580196, 0, 1, 0, -0.580196, 0, -0.814477, 4.05857, 0, -48.8724)
script = ExtResource("8_tereu")
platform_scenes = Array[PackedScene]([ExtResource("9_cdqbm"), ExtResource("10_imku0"), ExtResource("19_obt1j"), ExtResource("9_cdqbm"), ExtResource("10_imku0")])
randomize_in_editor = true

[node name="@Node3D@115119" type="Node3D" parent="Level" instance=ExtResource("17_nu31w")]
transform = Transform3D(-0.984295, 0, 0.17653, 0, 1, 0, -0.17653, 0, -0.984295, 4.55971, 0, -52.3932)
script = ExtResource("8_tereu")
platform_scenes = Array[PackedScene]([ExtResource("18_obt1j")])
randomize_in_editor = true

[node name="@Node3D@115121" type="Node3D" parent="Level" instance=ExtResource("7_6iypd")]
transform = Transform3D(-0.256529, 0, 0.966537, 0, 1, 0, -0.966537, 0, -0.256529, 2.44338, 0, -55.361)
script = ExtResource("8_tereu")
platform_scenes = Array[PackedScene]([ExtResource("9_cdqbm"), ExtResource("10_imku0"), ExtResource("19_obt1j"), ExtResource("9_cdqbm"), ExtResource("10_imku0")])
randomize_in_editor = true

[node name="@Node3D@115123" type="Node3D" parent="Level" instance=ExtResource("17_nu31w")]
transform = Transform3D(-0.881697, 0, -0.471816, 0, 1, 0, 0.471816, 0, -0.881697, 5.31007, 0, -58.7608)
script = ExtResource("8_tereu")
platform_scenes = Array[PackedScene]([ExtResource("18_obt1j")])
randomize_in_editor = true

[node name="@Node3D@115125" type="Node3D" parent="Level" instance=ExtResource("7_6iypd")]
transform = Transform3D(-0.87957, 0, 0.47577, 0, 1, 0, -0.47577, 0, -0.87957, 3.97654, 0, -65.7392)
script = ExtResource("8_tereu")
platform_scenes = Array[PackedScene]([ExtResource("9_cdqbm"), ExtResource("10_imku0"), ExtResource("19_obt1j"), ExtResource("9_cdqbm"), ExtResource("10_imku0")])
randomize_in_editor = true

[node name="@Node3D@115127" type="Node3D" parent="Level" instance=ExtResource("11_imku0")]
transform = Transform3D(-0.277707, 0, -0.960666, 0, 1, 0, 0.960666, 0, -0.277707, 6.56612, 0, -71.0111)
script = ExtResource("8_tereu")
platform_scenes = Array[PackedScene]([ExtResource("12_wlxy5"), ExtResource("13_3v7ru"), ExtResource("22_2yde8")])
randomize_in_editor = true

[node name="@Node3D@115129" type="Node3D" parent="Level" instance=ExtResource("11_imku0")]
transform = Transform3D(-0.147056, 0, -0.989128, 0, 1, 0, 0.989128, 0, -0.147056, 9.34243, 0, -74.7809)
script = ExtResource("8_tereu")
platform_scenes = Array[PackedScene]([ExtResource("12_wlxy5"), ExtResource("13_3v7ru"), ExtResource("22_2yde8")])
randomize_in_editor = true

[node name="@Node3D@115131" type="Node3D" parent="Level" instance=ExtResource("17_nu31w")]
transform = Transform3D(-0.00319425, 0, 0.999995, 0, 1, 0, -0.999995, 0, -0.00319425, 8.09125, 0, -79.0679)
script = ExtResource("8_tereu")
platform_scenes = Array[PackedScene]([ExtResource("18_obt1j")])
randomize_in_editor = true

[node name="@Node3D@115133" type="Node3D" parent="Level" instance=ExtResource("17_nu31w")]
transform = Transform3D(0.022218, 0, 0.999753, 0, 1, 0, -0.999753, 0, 0.022218, 6.38708, 0, -83.7994)
script = ExtResource("8_tereu")
platform_scenes = Array[PackedScene]([ExtResource("18_obt1j")])
randomize_in_editor = true

[node name="@Node3D@115135" type="Node3D" parent="Level" instance=ExtResource("17_nu31w")]
transform = Transform3D(-0.664356, 0, 0.747416, 0, 1, 0, -0.747416, 0, -0.664356, 6.07094, 0, -88.5654)
script = ExtResource("8_tereu")
platform_scenes = Array[PackedScene]([ExtResource("18_obt1j")])
randomize_in_editor = true

[node name="@Node3D@115137" type="Node3D" parent="Level" instance=ExtResource("17_nu31w")]
transform = Transform3D(0.153633, 0, -0.988128, 0, 1, 0, 0.988128, 0, 0.153633, 2.10004, 0, -93.2386)
script = ExtResource("8_tereu")
platform_scenes = Array[PackedScene]([ExtResource("18_obt1j")])
randomize_in_editor = true

[node name="@Node3D@115139" type="Node3D" parent="Level" instance=ExtResource("11_imku0")]
transform = Transform3D(0.676713, 0, -0.736247, 0, 1, 0, 0.736247, 0, 0.676713, -0.153509, 0, -96.1969)
script = ExtResource("8_tereu")
platform_scenes = Array[PackedScene]([ExtResource("12_wlxy5"), ExtResource("13_3v7ru"), ExtResource("22_2yde8")])
randomize_in_editor = true

[node name="@Node3D@115141" type="Node3D" parent="Level" instance=ExtResource("7_6iypd")]
transform = Transform3D(0.774939, 0, -0.632036, 0, 1, 0, 0.632036, 0, 0.774939, -0.345714, 0, -102.277)
script = ExtResource("8_tereu")
platform_scenes = Array[PackedScene]([ExtResource("9_cdqbm"), ExtResource("10_imku0"), ExtResource("19_obt1j"), ExtResource("9_cdqbm"), ExtResource("10_imku0")])
randomize_in_editor = true

[node name="@Node3D@115143" type="Node3D" parent="Level" instance=ExtResource("17_nu31w")]
transform = Transform3D(-0.616197, 0, 0.787592, 0, 1, 0, -0.787592, 0, -0.616197, 1.18813, 0, -105.733)
script = ExtResource("8_tereu")
platform_scenes = Array[PackedScene]([ExtResource("18_obt1j")])
randomize_in_editor = true

[node name="@Node3D@115145" type="Node3D" parent="Level" instance=ExtResource("17_nu31w")]
transform = Transform3D(-0.95515, 0, 0.296122, 0, 1, 0, -0.296122, 0, -0.95515, -0.744624, 0, -109.521)
script = ExtResource("8_tereu")
platform_scenes = Array[PackedScene]([ExtResource("18_obt1j")])
randomize_in_editor = true

[node name="@Node3D@115147" type="Node3D" parent="Level" instance=ExtResource("11_imku0")]
transform = Transform3D(-0.951244, 0, -0.308439, 0, 1, 0, 0.308439, 0, -0.951244, -3.74355, 0, -112.523)
script = ExtResource("8_tereu")
platform_scenes = Array[PackedScene]([ExtResource("12_wlxy5"), ExtResource("13_3v7ru"), ExtResource("22_2yde8")])
randomize_in_editor = true

[node name="@Node3D@115149" type="Node3D" parent="Level" instance=ExtResource("7_6iypd")]
transform = Transform3D(0.929675, 0, 0.368381, 0, 1, 0, -0.368381, 0, 0.929675, -7.10319, 0, -116.448)
script = ExtResource("8_tereu")
platform_scenes = Array[PackedScene]([ExtResource("9_cdqbm"), ExtResource("10_imku0"), ExtResource("19_obt1j"), ExtResource("9_cdqbm"), ExtResource("10_imku0")])
randomize_in_editor = true

[node name="@Node3D@115151" type="Node3D" parent="Level" instance=ExtResource("11_imku0")]
transform = Transform3D(-0.987942, 0, 0.154825, 0, 1, 0, -0.154825, 0, -0.987942, -3.13812, 0, -121.385)
script = ExtResource("8_tereu")
platform_scenes = Array[PackedScene]([ExtResource("12_wlxy5"), ExtResource("13_3v7ru"), ExtResource("22_2yde8")])
randomize_in_editor = true

[node name="@Node3D@115153" type="Node3D" parent="Level" instance=ExtResource("17_nu31w")]
transform = Transform3D(0.584525, 0, 0.811376, 0, 1, 0, -0.811376, 0, 0.584525, -0.0435557, 0, -125.489)
script = ExtResource("8_tereu")
platform_scenes = Array[PackedScene]([ExtResource("18_obt1j")])
randomize_in_editor = true

[node name="@Node3D@115155" type="Node3D" parent="Level" instance=ExtResource("7_6iypd")]
transform = Transform3D(-0.277022, 0, 0.960864, 0, 1, 0, -0.960864, 0, -0.277022, -0.367767, 0, -114.703)
script = ExtResource("8_tereu")
platform_scenes = Array[PackedScene]([ExtResource("9_cdqbm"), ExtResource("10_imku0"), ExtResource("19_obt1j"), ExtResource("9_cdqbm"), ExtResource("10_imku0")])
randomize_in_editor = true

[node name="@Node3D@115157" type="Node3D" parent="Level" instance=ExtResource("7_6iypd")]
transform = Transform3D(-0.707088, 0, -0.707125, 0, 1, 0, 0.707125, 0, -0.707088, -0.817348, 0, -117.994)
script = ExtResource("8_tereu")
platform_scenes = Array[PackedScene]([ExtResource("9_cdqbm"), ExtResource("10_imku0"), ExtResource("19_obt1j"), ExtResource("9_cdqbm"), ExtResource("10_imku0")])
randomize_in_editor = true

[node name="@Node3D@115159" type="Node3D" parent="Level" instance=ExtResource("11_imku0")]
transform = Transform3D(0.644167, 0, 0.764884, 0, 1, 0, -0.764884, 0, 0.644167, 0.175521, 0, -120.421)
script = ExtResource("8_tereu")
platform_scenes = Array[PackedScene]([ExtResource("12_wlxy5"), ExtResource("13_3v7ru"), ExtResource("22_2yde8")])
randomize_in_editor = true

[node name="@Node3D@115161" type="Node3D" parent="Level" instance=ExtResource("17_nu31w")]
transform = Transform3D(0.56868, 0, 0.822559, 0, 1, 0, -0.822559, 0, 0.56868, 4.50754, 0, -110.322)
script = ExtResource("8_tereu")
platform_scenes = Array[PackedScene]([ExtResource("18_obt1j")])
randomize_in_editor = true

[node name="@Node3D@115163" type="Node3D" parent="Level" instance=ExtResource("11_imku0")]
transform = Transform3D(0.113977, 0, -0.993483, 0, 1, 0, 0.993483, 0, 0.113977, 2.73427, 0, -113.192)
script = ExtResource("8_tereu")
platform_scenes = Array[PackedScene]([ExtResource("12_wlxy5"), ExtResource("13_3v7ru"), ExtResource("22_2yde8")])
randomize_in_editor = true

[node name="@Node3D@115165" type="Node3D" parent="Level" instance=ExtResource("7_6iypd")]
transform = Transform3D(-0.678386, 0, -0.734706, 0, 1, 0, 0.734706, 0, -0.678386, 3.64342, 0, -117.062)
script = ExtResource("8_tereu")
platform_scenes = Array[PackedScene]([ExtResource("9_cdqbm"), ExtResource("10_imku0"), ExtResource("19_obt1j"), ExtResource("9_cdqbm"), ExtResource("10_imku0")])
randomize_in_editor = true

[node name="@Node3D@115167" type="Node3D" parent="Level" instance=ExtResource("7_6iypd")]
transform = Transform3D(-0.307702, 0, 0.951483, 0, 1, 0, -0.951483, 0, -0.307702, 2.88169, 0, -123.99)
script = ExtResource("8_tereu")
platform_scenes = Array[PackedScene]([ExtResource("9_cdqbm"), ExtResource("10_imku0"), ExtResource("19_obt1j"), ExtResource("9_cdqbm"), ExtResource("10_imku0")])
randomize_in_editor = true

[node name="@Node3D@115169" type="Node3D" parent="Level" instance=ExtResource("17_nu31w")]
transform = Transform3D(-0.542099, 0, -0.840315, 0, 1, 0, 0.840315, 0, -0.542099, 4.038, 0, -127.604)
script = ExtResource("8_tereu")
platform_scenes = Array[PackedScene]([ExtResource("18_obt1j")])
randomize_in_editor = true

[node name="@Node3D@115171" type="Node3D" parent="Level" instance=ExtResource("7_6iypd")]
transform = Transform3D(0.135926, 0, -0.990719, 0, 1, 0, 0.990719, 0, 0.135926, 5.4256, 0, -112.954)
script = ExtResource("8_tereu")
platform_scenes = Array[PackedScene]([ExtResource("9_cdqbm"), ExtResource("10_imku0"), ExtResource("19_obt1j"), ExtResource("9_cdqbm"), ExtResource("10_imku0")])
randomize_in_editor = true

[node name="@Node3D@115173" type="Node3D" parent="Level" instance=ExtResource("7_6iypd")]
transform = Transform3D(0.970962, 0, -0.239234, 0, 1, 0, 0.239234, 0, 0.970962, 8.29926, 0, -117.313)
script = ExtResource("8_tereu")
platform_scenes = Array[PackedScene]([ExtResource("9_cdqbm"), ExtResource("10_imku0"), ExtResource("19_obt1j"), ExtResource("9_cdqbm"), ExtResource("10_imku0")])
randomize_in_editor = true

[node name="@Node3D@115175" type="Node3D" parent="Level" instance=ExtResource("11_imku0")]
transform = Transform3D(0.594164, 0, 0.804344, 0, 1, 0, -0.804344, 0, 0.594164, 11.0363, 0, -121.744)
script = ExtResource("8_tereu")
platform_scenes = Array[PackedScene]([ExtResource("12_wlxy5"), ExtResource("13_3v7ru"), ExtResource("22_2yde8")])
randomize_in_editor = true

[node name="@Node3D@115177" type="Node3D" parent="Level" instance=ExtResource("11_imku0")]
transform = Transform3D(-0.919378, 0, -0.393375, 0, 1, 0, 0.393375, 0, -0.919378, 8.24043, 0, -125.641)
script = ExtResource("8_tereu")
platform_scenes = Array[PackedScene]([ExtResource("12_wlxy5"), ExtResource("13_3v7ru"), ExtResource("22_2yde8")])
randomize_in_editor = true

[node name="@Node3D@115179" type="Node3D" parent="Level" instance=ExtResource("17_nu31w")]
transform = Transform3D(-0.842174, 0, -0.539206, 0, 1, 0, 0.539206, 0, -0.842174, 6.29206, 0, -115.69)
script = ExtResource("8_tereu")
platform_scenes = Array[PackedScene]([ExtResource("18_obt1j")])
randomize_in_editor = true

[node name="@Node3D@115181" type="Node3D" parent="Level" instance=ExtResource("11_imku0")]
transform = Transform3D(-0.999996, 0, -0.00275501, 0, 1, 0, 0.00275501, 0, -0.999996, 5.96597, 0, -118.331)
script = ExtResource("8_tereu")
platform_scenes = Array[PackedScene]([ExtResource("12_wlxy5"), ExtResource("13_3v7ru"), ExtResource("22_2yde8")])
randomize_in_editor = true

[node name="@Node3D@115183" type="Node3D" parent="Level" instance=ExtResource("11_imku0")]
transform = Transform3D(-0.377131, 0, -0.92616, 0, 1, 0, 0.92616, 0, -0.377131, 8.34736, 0, -122.023)
script = ExtResource("8_tereu")
platform_scenes = Array[PackedScene]([ExtResource("12_wlxy5"), ExtResource("13_3v7ru"), ExtResource("22_2yde8")])
randomize_in_editor = true

[node name="@Node3D@115185" type="Node3D" parent="Level" instance=ExtResource("7_6iypd")]
transform = Transform3D(0.7262, 0, 0.687484, 0, 1, 0, -0.687484, 0, 0.7262, 3.54691, 0, -100.14)
script = ExtResource("8_tereu")
platform_scenes = Array[PackedScene]([ExtResource("9_cdqbm"), ExtResource("10_imku0"), ExtResource("19_obt1j"), ExtResource("9_cdqbm"), ExtResource("10_imku0")])
randomize_in_editor = true

[node name="@Node3D@115187" type="Node3D" parent="Level" instance=ExtResource("11_imku0")]
transform = Transform3D(-0.970823, 0, -0.239796, 0, 1, 0, 0.239796, 0, -0.970823, 2.75912, 0, -103.333)
script = ExtResource("8_tereu")
platform_scenes = Array[PackedScene]([ExtResource("12_wlxy5"), ExtResource("13_3v7ru"), ExtResource("22_2yde8")])
randomize_in_editor = true

[node name="@Node3D@115189" type="Node3D" parent="Level" instance=ExtResource("7_6iypd")]
transform = Transform3D(0.63403, 0, 0.773309, 0, 1, 0, -0.773309, 0, 0.63403, 4.93409, 0, -107.813)
script = ExtResource("8_tereu")
platform_scenes = Array[PackedScene]([ExtResource("9_cdqbm"), ExtResource("10_imku0"), ExtResource("19_obt1j"), ExtResource("9_cdqbm"), ExtResource("10_imku0")])
randomize_in_editor = true

[node name="@Node3D@115191" type="Node3D" parent="Level" instance=ExtResource("11_imku0")]
transform = Transform3D(-0.813313, 0, -0.581826, 0, 1, 0, 0.581826, 0, -0.813313, 8.23965, 0, -113.089)
script = ExtResource("8_tereu")
platform_scenes = Array[PackedScene]([ExtResource("12_wlxy5"), ExtResource("13_3v7ru"), ExtResource("22_2yde8")])
randomize_in_editor = true

[node name="@Node3D@115193" type="Node3D" parent="Level" instance=ExtResource("17_nu31w")]
transform = Transform3D(0.852757, 0, 0.522307, 0, 1, 0, -0.522307, 0, 0.852757, -1.97646, 0, -99.2989)
script = ExtResource("8_tereu")
platform_scenes = Array[PackedScene]([ExtResource("18_obt1j")])
randomize_in_editor = true

[node name="@Node3D@115195" type="Node3D" parent="Level" instance=ExtResource("7_6iypd")]
transform = Transform3D(-0.595897, 0, -0.803061, 0, 1, 0, 0.803061, 0, -0.595897, 9.31046, 0, -94.1051)
script = ExtResource("8_tereu")
platform_scenes = Array[PackedScene]([ExtResource("9_cdqbm"), ExtResource("10_imku0"), ExtResource("19_obt1j"), ExtResource("9_cdqbm"), ExtResource("10_imku0")])
randomize_in_editor = true

[node name="@Node3D@115197" type="Node3D" parent="Level" instance=ExtResource("11_imku0")]
transform = Transform3D(-0.634828, 0, -0.772654, 0, 1, 0, 0.772654, 0, -0.634828, 8.08875, 0, -99.2264)
script = ExtResource("8_tereu")
platform_scenes = Array[PackedScene]([ExtResource("12_wlxy5"), ExtResource("13_3v7ru"), ExtResource("22_2yde8")])
randomize_in_editor = true

[node name="@Node3D@115199" type="Node3D" parent="Level" instance=ExtResource("11_imku0")]
transform = Transform3D(0.326093, 0, 0.945338, 0, 1, 0, -0.945338, 0, 0.326093, 8.93319, 0, -102.293)
script = ExtResource("8_tereu")
platform_scenes = Array[PackedScene]([ExtResource("12_wlxy5"), ExtResource("13_3v7ru"), ExtResource("22_2yde8")])
randomize_in_editor = true

[node name="@Node3D@115201" type="Node3D" parent="Level" instance=ExtResource("7_6iypd")]
transform = Transform3D(-0.95762, 0, 0.288033, 0, 1, 0, -0.288033, 0, -0.95762, 7.64349, 0, -105.504)
script = ExtResource("8_tereu")
platform_scenes = Array[PackedScene]([ExtResource("9_cdqbm"), ExtResource("10_imku0"), ExtResource("19_obt1j"), ExtResource("9_cdqbm"), ExtResource("10_imku0")])
randomize_in_editor = true

[node name="@Node3D@115203" type="Node3D" parent="Level" instance=ExtResource("17_nu31w")]
transform = Transform3D(0.958256, 0, 0.285912, 0, 1, 0, -0.285912, 0, 0.958256, 9.24218, 0, -107.84)
script = ExtResource("8_tereu")
platform_scenes = Array[PackedScene]([ExtResource("18_obt1j")])
randomize_in_editor = true

[node name="@Node3D@115205" type="Node3D" parent="Level" instance=ExtResource("7_6iypd")]
transform = Transform3D(-0.356565, 0, -0.934271, 0, 1, 0, 0.934271, 0, -0.356565, 5.34359, 0, -103.201)
script = ExtResource("8_tereu")
platform_scenes = Array[PackedScene]([ExtResource("9_cdqbm"), ExtResource("10_imku0"), ExtResource("19_obt1j"), ExtResource("9_cdqbm"), ExtResource("10_imku0")])
randomize_in_editor = true

[node name="@Node3D@115207" type="Node3D" parent="Level" instance=ExtResource("11_imku0")]
transform = Transform3D(0.5197, 0, 0.854349, 0, 1, 0, -0.854349, 0, 0.5197, 3.20163, 0, -61.5399)
script = ExtResource("8_tereu")
platform_scenes = Array[PackedScene]([ExtResource("12_wlxy5"), ExtResource("13_3v7ru"), ExtResource("22_2yde8")])
randomize_in_editor = true

[node name="@Node3D@115209" type="Node3D" parent="Level" instance=ExtResource("11_imku0")]
transform = Transform3D(-0.271591, 0, 0.962413, 0, 1, 0, -0.962413, 0, -0.271591, 0.0411432, 0, -67.9128)
script = ExtResource("8_tereu")
platform_scenes = Array[PackedScene]([ExtResource("12_wlxy5"), ExtResource("13_3v7ru"), ExtResource("22_2yde8")])
randomize_in_editor = true

[node name="@Node3D@115211" type="Node3D" parent="Level" instance=ExtResource("11_imku0")]
transform = Transform3D(0.873483, 0, 0.486854, 0, 1, 0, -0.486854, 0, 0.873483, 1.78316, 0, -70.6373)
script = ExtResource("8_tereu")
platform_scenes = Array[PackedScene]([ExtResource("12_wlxy5"), ExtResource("13_3v7ru"), ExtResource("22_2yde8")])
randomize_in_editor = true

[node name="@Node3D@115213" type="Node3D" parent="Level" instance=ExtResource("11_imku0")]
transform = Transform3D(-1, 0, 0.000962408, 0, 1, 0, -0.000962408, 0, -1, 2.66038, 0, -75.8535)
script = ExtResource("8_tereu")
platform_scenes = Array[PackedScene]([ExtResource("12_wlxy5"), ExtResource("13_3v7ru"), ExtResource("22_2yde8")])
randomize_in_editor = true

[node name="@Node3D@115215" type="Node3D" parent="Level" instance=ExtResource("7_6iypd")]
transform = Transform3D(0.65042, 0, -0.759575, 0, 1, 0, 0.759575, 0, 0.65042, 0.208849, 0, -82.2679)
script = ExtResource("8_tereu")
platform_scenes = Array[PackedScene]([ExtResource("9_cdqbm"), ExtResource("10_imku0"), ExtResource("19_obt1j"), ExtResource("9_cdqbm"), ExtResource("10_imku0")])
randomize_in_editor = true

[node name="@Node3D@115217" type="Node3D" parent="Level" instance=ExtResource("11_imku0")]
transform = Transform3D(0.368408, 0, -0.929664, 0, 1, 0, 0.929664, 0, 0.368408, -1.21391, 0, -84.3467)
script = ExtResource("8_tereu")
platform_scenes = Array[PackedScene]([ExtResource("12_wlxy5"), ExtResource("13_3v7ru"), ExtResource("22_2yde8")])
randomize_in_editor = true

[node name="@Node3D@115219" type="Node3D" parent="Level" instance=ExtResource("7_6iypd")]
transform = Transform3D(-0.866038, 0, 0.499979, 0, 1, 0, -0.499979, 0, -0.866038, -4.08483, 0, -88.9298)
script = ExtResource("8_tereu")
platform_scenes = Array[PackedScene]([ExtResource("9_cdqbm"), ExtResource("10_imku0"), ExtResource("19_obt1j"), ExtResource("9_cdqbm"), ExtResource("10_imku0")])
randomize_in_editor = true

[node name="@Node3D@115221" type="Node3D" parent="Level" instance=ExtResource("11_imku0")]
transform = Transform3D(0.992057, 0, -0.125792, 0, 1, 0, 0.125792, 0, 0.992057, -3.99701, 0, -91.7906)
script = ExtResource("8_tereu")
platform_scenes = Array[PackedScene]([ExtResource("12_wlxy5"), ExtResource("13_3v7ru"), ExtResource("22_2yde8")])
randomize_in_editor = true

[node name="@Node3D@115223" type="Node3D" parent="Level" instance=ExtResource("11_imku0")]
transform = Transform3D(0.652168, 0, 0.758075, 0, 1, 0, -0.758075, 0, 0.652168, -3.35699, 0, -96.5253)
script = ExtResource("8_tereu")
platform_scenes = Array[PackedScene]([ExtResource("12_wlxy5"), ExtResource("13_3v7ru"), ExtResource("22_2yde8")])
randomize_in_editor = true

[node name="@Node3D@115225" type="Node3D" parent="Level" instance=ExtResource("17_nu31w")]
transform = Transform3D(0.141101, 0, -0.989995, 0, 1, 0, 0.989995, 0, 0.141101, 0.591794, 0, -61.3194)
script = ExtResource("8_tereu")
platform_scenes = Array[PackedScene]([ExtResource("18_obt1j")])
randomize_in_editor = true

[node name="@Node3D@115227" type="Node3D" parent="Level" instance=ExtResource("11_imku0")]
transform = Transform3D(-0.952757, 0, 0.303735, 0, 1, 0, -0.303735, 0, -0.952757, -2.37505, 0, -66.5476)
script = ExtResource("8_tereu")
platform_scenes = Array[PackedScene]([ExtResource("12_wlxy5"), ExtResource("13_3v7ru"), ExtResource("22_2yde8")])
randomize_in_editor = true

[node name="@Node3D@115229" type="Node3D" parent="Level" instance=ExtResource("7_6iypd")]
