[gd_scene load_steps=41 format=3 uid="uid://3f7k8dolqfhh"]

[ext_resource type="PackedScene" uid="uid://g4tbrr3sfui2" path="res://player.tscn" id="1_a202f"]
[ext_resource type="Script" uid="uid://b85s3xfg6xv8i" path="res://game_manager.gd" id="1_tereu"]
[ext_resource type="FontFile" uid="uid://decj3qo5pg26d" path="res://kirifont/KiriFont.otf" id="2_cdqbm"]
[ext_resource type="LabelSettings" uid="uid://b32jxxg8k3j45" path="res://custom.tres" id="2_tereu"]
[ext_resource type="LabelSettings" uid="uid://c2fbmgdggtmr8" path="res://leaderboard.tres" id="4_imku0"]
[ext_resource type="PackedScene" uid="uid://o6nh6fno5b0d" path="res://level/level.tscn" id="6_i5arm"]
[ext_resource type="PackedScene" uid="uid://berc3ktdu00jq" path="res://water_grid.tscn" id="6_jsk3o"]
[ext_resource type="PackedScene" uid="uid://cloxm7yrf3dau" path="res://player4.tscn" id="6_vxd74"]
[ext_resource type="PackedScene" uid="uid://6kx5nm2ecru" path="res://items/generators/items.tscn" id="6_wc5p8"]
[ext_resource type="PackedScene" uid="uid://bgowpuve5rom4" path="res://level/1x1/1x1.tscn" id="7_6iypd"]
[ext_resource type="PackedScene" uid="uid://cwjt7a54ooioq" path="res://player3.tscn" id="7_dhlwf"]
[ext_resource type="PackedScene" uid="uid://oa4gk1w85htb" path="res://kill_zone.tscn" id="7_wc5p8"]
[ext_resource type="PackedScene" uid="uid://685x3hhuvr5l" path="res://player2.tscn" id="8_5t8nk"]
[ext_resource type="Script" uid="uid://4ohwjxvwlf14" path="res://scripts/random_platform.gd" id="8_tereu"]
[ext_resource type="PackedScene" uid="uid://bau54xbcyquty" path="res://goal.tscn" id="9_4arys"]
[ext_resource type="PackedScene" uid="uid://evotmterwgic" path="res://level/1x1/0.tscn" id="9_cdqbm"]
[ext_resource type="PackedScene" uid="uid://bq3jgcl0fepk2" path="res://level/1x1/1.tscn" id="10_imku0"]
[ext_resource type="PackedScene" uid="uid://bct2vsr7ymxi4" path="res://level/2x2/2x2.tscn" id="11_imku0"]
[ext_resource type="PackedScene" uid="uid://l2l3mvvrqhsu" path="res://level/2x2/0.tscn" id="12_wlxy5"]
[ext_resource type="PackedScene" uid="uid://da3dp6rlapf65" path="res://level/2x2/1.tscn" id="13_3v7ru"]
[ext_resource type="PackedScene" uid="uid://ck51bdne8ldwv" path="res://island.tscn" id="14_wlxy5"]
[ext_resource type="PackedScene" uid="uid://bpulflnw0vw5l" path="res://level/2x1/2x1.tscn" id="17_nu31w"]
[ext_resource type="PackedScene" uid="uid://dviuybxhwu1ho" path="res://level/2x1/0.tscn" id="18_obt1j"]
[ext_resource type="PackedScene" uid="uid://gof5kolddo3a" path="res://level/1x1/2.tscn" id="19_obt1j"]
[ext_resource type="PackedScene" uid="uid://bsmlem37lo4th" path="res://level/2x2/2.tscn" id="22_2yde8"]
[ext_resource type="Script" uid="uid://bc5fk34xn5xaf" path="res://extra_kill_zone.gd" id="23_nu31w"]
[ext_resource type="PackedScene" uid="uid://csmc4dfieimjx" path="res://meshes/Startplatform/Startingplatform.tscn" id="24_dhlwf"]
[ext_resource type="PackedScene" uid="uid://b5bxwo0db64jg" path="res://meshes/Chest/chest.glb" id="24_nu31w"]
[ext_resource type="PackedScene" uid="uid://dltoaoqybkef2" path="res://meshes/Skullisland/skullisland.fbx" id="30_id0nj"]

[sub_resource type="LabelSettings" id="LabelSettings_cdqbm"]
font = ExtResource("2_cdqbm")
font_size = 300
outline_size = 40
outline_color = Color(0, 0, 0, 1)

[sub_resource type="StyleBoxFlat" id="StyleBoxFlat_cdqbm"]
bg_color = Color(7.52043e-08, 0.0590926, 0.150703, 0.411765)

[sub_resource type="ProceduralSkyMaterial" id="ProceduralSkyMaterial_noarx"]
ground_bottom_color = Color(0.101961, 0.301961, 0.901961, 1)

[sub_resource type="Sky" id="Sky_noarx"]
sky_material = SubResource("ProceduralSkyMaterial_noarx")

[sub_resource type="Environment" id="Environment_a0tk4"]
background_mode = 2
background_energy_multiplier = 2.5
sky = SubResource("Sky_noarx")

[sub_resource type="CameraAttributesPractical" id="CameraAttributesPractical_noarx"]

[sub_resource type="ViewportTexture" id="ViewportTexture_nu31w"]
viewport_path = NodePath("GridContainer/SubViewportContainer/SubViewport")

[sub_resource type="ViewportTexture" id="ViewportTexture_obt1j"]
viewport_path = NodePath("GridContainer/SubViewportContainer2/SubViewport")

[sub_resource type="ViewportTexture" id="ViewportTexture_2yde8"]
viewport_path = NodePath("GridContainer/SubViewportContainer3/SubViewport")

[sub_resource type="ViewportTexture" id="ViewportTexture_id0nj"]
viewport_path = NodePath("GridContainer/SubViewportContainer4/SubViewport")

[sub_resource type="BoxShape3D" id="BoxShape3D_aceia"]
size = Vector3(125.445, 14.3992, 742.51)

[node name="Game" type="Node3D"]

[node name="GameManager" type="Node" parent="."]
script = ExtResource("1_tereu")

[node name="CanvasLayer" type="CanvasLayer" parent="GameManager"]
layer = 100

[node name="SharedLabel" type="Label" parent="GameManager/CanvasLayer"]
custom_minimum_size = Vector2(400, 400)
anchors_preset = 8
anchor_left = 0.5
anchor_top = 0.5
anchor_right = 0.5
anchor_bottom = 0.5
offset_left = -960.0
offset_top = -540.0
offset_right = 960.0
offset_bottom = 540.0
grow_horizontal = 2
grow_vertical = 2
pivot_offset = Vector2(960, 540)
size_flags_vertical = 1
theme_override_font_sizes/font_size = 50
label_settings = ExtResource("2_tereu")
horizontal_alignment = 1
vertical_alignment = 1
autowrap_mode = 2
metadata/_edit_use_anchors_ = true

[node name="SharedLabel2" type="Label" parent="GameManager/CanvasLayer"]
custom_minimum_size = Vector2(2000, 1200)
anchors_preset = 8
anchor_left = 0.5
anchor_top = 0.5
anchor_right = 0.5
anchor_bottom = 0.5
offset_left = -1000.0
offset_top = -600.0
offset_right = 1000.0
offset_bottom = 600.0
grow_horizontal = 2
grow_vertical = 2
size_flags_vertical = 1
text = " "
label_settings = SubResource("LabelSettings_cdqbm")
horizontal_alignment = 1
vertical_alignment = 1
autowrap_mode = 2
metadata/_edit_use_anchors_ = true

[node name="opacity" type="Panel" parent="GameManager/CanvasLayer"]
visible = false
anchors_preset = 15
anchor_right = 1.0
anchor_bottom = 1.0
grow_horizontal = 2
grow_vertical = 2
size_flags_horizontal = 4
size_flags_vertical = 4
theme_override_styles/panel = SubResource("StyleBoxFlat_cdqbm")

[node name="Leaderboard" type="Panel" parent="GameManager/CanvasLayer/opacity"]
custom_minimum_size = Vector2(500, 500)
layout_mode = 1
anchors_preset = 8
anchor_left = 0.5
anchor_top = 0.5
anchor_right = 0.5
anchor_bottom = 0.5
offset_left = -250.0
offset_top = -250.0
offset_right = 250.0
offset_bottom = 250.0
grow_horizontal = 2
grow_vertical = 2

[node name="VBoxContainer" type="VBoxContainer" parent="GameManager/CanvasLayer/opacity/Leaderboard"]
layout_mode = 1
anchors_preset = 15
anchor_right = 1.0
anchor_bottom = 1.0
grow_horizontal = 2
grow_vertical = 2
theme_override_constants/separation = 20

[node name="Score1st" type="Label" parent="GameManager/CanvasLayer/opacity/Leaderboard/VBoxContainer"]
custom_minimum_size = Vector2(100, 100)
layout_mode = 2
size_flags_vertical = 3
label_settings = ExtResource("4_imku0")
horizontal_alignment = 1
vertical_alignment = 1
autowrap_mode = 2

[node name="Score2nd" type="Label" parent="GameManager/CanvasLayer/opacity/Leaderboard/VBoxContainer"]
custom_minimum_size = Vector2(100, 100)
layout_mode = 2
size_flags_vertical = 3
label_settings = ExtResource("4_imku0")
horizontal_alignment = 1
vertical_alignment = 1
autowrap_mode = 2

[node name="Score3rd" type="Label" parent="GameManager/CanvasLayer/opacity/Leaderboard/VBoxContainer"]
custom_minimum_size = Vector2(100, 100)
layout_mode = 2
size_flags_vertical = 3
label_settings = ExtResource("4_imku0")
horizontal_alignment = 1
vertical_alignment = 1
autowrap_mode = 2

[node name="Score4th" type="Label" parent="GameManager/CanvasLayer/opacity/Leaderboard/VBoxContainer"]
custom_minimum_size = Vector2(100, 100)
layout_mode = 2
size_flags_vertical = 3
label_settings = ExtResource("4_imku0")
horizontal_alignment = 1
vertical_alignment = 1
autowrap_mode = 2

[node name="Leaderboard2" type="Panel" parent="GameManager/CanvasLayer/opacity"]
visible = false
custom_minimum_size = Vector2(1000, 150)
layout_mode = 1
anchors_preset = 8
anchor_left = 0.5
anchor_top = 0.5
anchor_right = 0.5
anchor_bottom = 0.5
offset_left = -500.0
offset_top = 140.0
offset_right = 500.0
offset_bottom = 290.0
grow_horizontal = 2
grow_vertical = 2

[node name="MarginContainer" type="MarginContainer" parent="GameManager/CanvasLayer/opacity/Leaderboard2"]
layout_mode = 1
anchors_preset = 15
anchor_right = 1.0
anchor_bottom = 1.0
grow_horizontal = 2
grow_vertical = 2
theme_override_constants/margin_left = 30
theme_override_constants/margin_top = 30
theme_override_constants/margin_right = 30
theme_override_constants/margin_bottom = 30

[node name="HBoxContainer" type="HBoxContainer" parent="GameManager/CanvasLayer/opacity/Leaderboard2/MarginContainer"]
custom_minimum_size = Vector2(1000, 0)
layout_mode = 2
theme_override_constants/separation = 100

[node name="Options" type="Button" parent="GameManager/CanvasLayer/opacity/Leaderboard2/MarginContainer/HBoxContainer"]
layout_mode = 2
size_flags_horizontal = 3
size_flags_vertical = 3
theme_override_fonts/font = ExtResource("2_cdqbm")
theme_override_font_sizes/font_size = 50
text = "Options"

[node name="StartGame" type="Button" parent="GameManager/CanvasLayer/opacity/Leaderboard2/MarginContainer/HBoxContainer"]
layout_mode = 2
size_flags_horizontal = 3
size_flags_vertical = 3
theme_override_fonts/font = ExtResource("2_cdqbm")
theme_override_font_sizes/font_size = 50
text = "Restart"

[node name="Quit" type="Button" parent="GameManager/CanvasLayer/opacity/Leaderboard2/MarginContainer/HBoxContainer"]
layout_mode = 2
size_flags_horizontal = 3
size_flags_vertical = 3
theme_override_fonts/font = ExtResource("2_cdqbm")
theme_override_font_sizes/font_size = 50
text = "quit"

[node name="DirectionalLight3D" type="DirectionalLight3D" parent="."]
transform = Transform3D(-0.534213, -0.815404, -0.223011, -0.284691, -0.0748638, 0.955692, -0.79597, 0.574032, -0.192145, -4.2404, 11.0469, -3.46405)
shadow_enabled = true
shadow_reverse_cull_face = true

[node name="WorldEnvironment" type="WorldEnvironment" parent="."]
environment = SubResource("Environment_a0tk4")
camera_attributes = SubResource("CameraAttributesPractical_noarx")

[node name="GridContainer" type="GridContainer" parent="."]
anchors_preset = 15
anchor_right = 1.0
anchor_bottom = 1.0
grow_horizontal = 2
grow_vertical = 2
columns = 2

[node name="SubViewportContainer" type="SubViewportContainer" parent="GridContainer"]
layout_mode = 2
size_flags_horizontal = 3
size_flags_vertical = 3
stretch = true

[node name="ShaderTexture" type="TextureRect" parent="GridContainer/SubViewportContainer"]
visible = false
layout_mode = 2
texture = SubResource("ViewportTexture_nu31w")

[node name="SubViewport" type="SubViewport" parent="GridContainer/SubViewportContainer"]
handle_input_locally = false
size = Vector2i(958, 538)
render_target_update_mode = 4

[node name="Player" parent="GridContainer/SubViewportContainer/SubViewport" instance=ExtResource("1_a202f")]
transform = Transform3D(1, 0, 0, 0, 1, 0, 0, 0, 1, 1.17516, 1.5415, 5.43857)
axis_lock_angular_y = true

[node name="IconTexture" type="TextureRect" parent="GridContainer/SubViewportContainer/SubViewport/Player"]
offset_right = 150.0
offset_bottom = 150.0
expand_mode = 1

[node name="PointsLabel" type="Label" parent="GridContainer/SubViewportContainer/SubViewport/Player"]
custom_minimum_size = Vector2(300, 0)
anchors_preset = 2
anchor_top = 1.0
anchor_bottom = 1.0
offset_top = -23.0
offset_right = 79.0
grow_vertical = 0
horizontal_alignment = 2

[node name="MarginContainer" type="MarginContainer" parent="GridContainer/SubViewportContainer/SubViewport/Player"]
visible = false
offset_left = 20.0
offset_top = 20.0
offset_right = 60.0
offset_bottom = 61.0

[node name="CurrItemLabel" type="Label" parent="GridContainer/SubViewportContainer/SubViewport/Player/MarginContainer"]
layout_mode = 2

[node name="SubViewportContainer2" type="SubViewportContainer" parent="GridContainer"]
layout_mode = 2
size_flags_horizontal = 3
size_flags_vertical = 3
stretch = true

[node name="ShaderTexture" type="TextureRect" parent="GridContainer/SubViewportContainer2"]
visible = false
layout_mode = 2
texture = SubResource("ViewportTexture_obt1j")

[node name="SubViewport" type="SubViewport" parent="GridContainer/SubViewportContainer2"]
handle_input_locally = false
size = Vector2i(958, 538)
render_target_update_mode = 4

[node name="Player2" parent="GridContainer/SubViewportContainer2/SubViewport" instance=ExtResource("8_5t8nk")]
transform = Transform3D(1, 0, 0, 0, 1, 0, 0, 0, 1, 3.67516, 1.93299, 5.43857)

[node name="PointsLabel" type="Label" parent="GridContainer/SubViewportContainer2/SubViewport/Player2"]
custom_minimum_size = Vector2(320, 0)
anchors_preset = 3
anchor_left = 1.0
anchor_top = 1.0
anchor_right = 1.0
anchor_bottom = 1.0
offset_left = -79.0
offset_top = -41.0
grow_horizontal = 0
grow_vertical = 0

[node name="MarginContainer" type="MarginContainer" parent="GridContainer/SubViewportContainer2/SubViewport/Player2"]
visible = false
anchors_preset = 1
anchor_left = 1.0
anchor_right = 1.0
offset_left = -40.0
offset_bottom = 41.0
grow_horizontal = 0

[node name="CurrItemLabel" type="Label" parent="GridContainer/SubViewportContainer2/SubViewport/Player2/MarginContainer"]
layout_mode = 2

[node name="IconTexture" type="TextureRect" parent="GridContainer/SubViewportContainer2/SubViewport/Player2"]
anchors_preset = 1
anchor_left = 1.0
anchor_right = 1.0
offset_left = -150.0
offset_bottom = 150.0
grow_horizontal = 0
expand_mode = 1

[node name="SubViewportContainer3" type="SubViewportContainer" parent="GridContainer"]
layout_mode = 2
size_flags_horizontal = 3
size_flags_vertical = 3
stretch = true

[node name="ShaderTexture" type="TextureRect" parent="GridContainer/SubViewportContainer3"]
visible = false
layout_mode = 2
texture = SubResource("ViewportTexture_2yde8")

[node name="SubViewport" type="SubViewport" parent="GridContainer/SubViewportContainer3"]
handle_input_locally = false
size = Vector2i(958, 538)
render_target_update_mode = 4

[node name="Player3" parent="GridContainer/SubViewportContainer3/SubViewport" instance=ExtResource("7_dhlwf")]
transform = Transform3D(1, 0, 0, 0, 1, 0, 0, 0, 1, 6.17516, 1.59049, 5.43857)

[node name="IconTexture" type="TextureRect" parent="GridContainer/SubViewportContainer3/SubViewport/Player3"]
anchors_preset = 2
anchor_top = 1.0
anchor_bottom = 1.0
offset_top = -150.0
offset_right = 150.0
grow_vertical = 0
expand_mode = 1

[node name="PointsLabel" type="Label" parent="GridContainer/SubViewportContainer3/SubViewport/Player3"]
custom_minimum_size = Vector2(300, 0)
anchors_preset = 2
anchor_top = 1.0
anchor_bottom = 1.0
offset_top = -41.0
offset_right = 79.0
grow_vertical = 0
horizontal_alignment = 2

[node name="MarginContainer" type="MarginContainer" parent="GridContainer/SubViewportContainer3/SubViewport/Player3"]
visible = false
anchors_preset = 2
anchor_top = 1.0
anchor_bottom = 1.0
offset_top = -41.0
offset_right = 40.0
grow_vertical = 0

[node name="CurrItemLabel" type="Label" parent="GridContainer/SubViewportContainer3/SubViewport/Player3/MarginContainer"]
layout_mode = 2

[node name="SubViewportContainer4" type="SubViewportContainer" parent="GridContainer"]
layout_mode = 2
size_flags_horizontal = 3
size_flags_vertical = 3
stretch = true

[node name="ShaderTexture" type="TextureRect" parent="GridContainer/SubViewportContainer4"]
visible = false
layout_mode = 2
texture = SubResource("ViewportTexture_id0nj")

[node name="SubViewport" type="SubViewport" parent="GridContainer/SubViewportContainer4"]
handle_input_locally = false
size = Vector2i(958, 538)
render_target_update_mode = 4

[node name="Player4" parent="GridContainer/SubViewportContainer4/SubViewport" instance=ExtResource("6_vxd74")]
transform = Transform3D(1, 0, 0, 0, 1, 0, 0, 0, 1, 8.67516, 1.0001, 5.43857)

[node name="IconTexture" type="TextureRect" parent="GridContainer/SubViewportContainer4/SubViewport/Player4"]
anchors_preset = 3
anchor_left = 1.0
anchor_top = 1.0
anchor_right = 1.0
anchor_bottom = 1.0
offset_left = -150.0
offset_top = -150.0
grow_horizontal = 0
grow_vertical = 0
expand_mode = 1

[node name="PointsLabel" type="Label" parent="GridContainer/SubViewportContainer4/SubViewport/Player4"]
custom_minimum_size = Vector2(320, 0)
anchors_preset = 3
anchor_left = 1.0
anchor_top = 1.0
anchor_right = 1.0
anchor_bottom = 1.0
offset_left = -79.0
offset_top = -41.0
grow_horizontal = 0
grow_vertical = 0

[node name="MarginContainer" type="MarginContainer" parent="GridContainer/SubViewportContainer4/SubViewport/Player4"]
visible = false
anchors_preset = 3
anchor_left = 1.0
anchor_top = 1.0
anchor_right = 1.0
anchor_bottom = 1.0
offset_left = -40.0
offset_top = -41.0
grow_horizontal = 0
grow_vertical = 0

[node name="CurrItemLabel" type="Label" parent="GridContainer/SubViewportContainer4/SubViewport/Player4/MarginContainer"]
layout_mode = 2

[node name="Items" parent="." instance=ExtResource("6_wc5p8")]
transform = Transform3D(1, 0, 0, 0, 1, 0, 0, 0, 1, 0, 0, 37.7199)

[node name="Level" parent="." instance=ExtResource("6_i5arm")]

[node name="Node3D" type="Node3D" parent="Level" instance=ExtResource("11_imku0")]
transform = Transform3D(-0.147937, 0, 0.988997, 0, 1, 0, -0.988997, 0, -0.147937, 0, 0, 0)
script = ExtResource("8_tereu")
platform_scenes = Array[PackedScene]([ExtResource("12_wlxy5"), ExtResource("13_3v7ru"), ExtResource("22_2yde8")])
randomize_in_editor = true

[node name="@Node3D@27113" type="Node3D" parent="Level" instance=ExtResource("11_imku0")]
transform = Transform3D(0.997999, 0, 0.0632318, 0, 1, 0, -0.0632318, 0, 0.997999, 3.35263, 0, -4.71083)
script = ExtResource("8_tereu")
platform_scenes = Array[PackedScene]([ExtResource("12_wlxy5"), ExtResource("13_3v7ru"), ExtResource("22_2yde8")])
randomize_in_editor = true

[node name="@Node3D@27115" type="Node3D" parent="Level" instance=ExtResource("17_nu31w")]
transform = Transform3D(0.810829, 0, -0.585284, 0, 1, 0, 0.585284, 0, 0.810829, 4.19189, 0, -7.57111)
script = ExtResource("8_tereu")
platform_scenes = Array[PackedScene]([ExtResource("18_obt1j")])
randomize_in_editor = true

[node name="@Node3D@27117" type="Node3D" parent="Level" instance=ExtResource("7_6iypd")]
transform = Transform3D(-0.831122, 0, 0.556091, 0, 1, 0, -0.556091, 0, -0.831122, 1.70933, 0, -13.5016)
script = ExtResource("8_tereu")
platform_scenes = Array[PackedScene]([ExtResource("9_cdqbm"), ExtResource("10_imku0"), ExtResource("19_obt1j"), ExtResource("9_cdqbm"), ExtResource("10_imku0")])
randomize_in_editor = true

[node name="@Node3D@27119" type="Node3D" parent="Level" instance=ExtResource("17_nu31w")]
transform = Transform3D(0.996866, 0, -0.079113, 0, 1, 0, 0.079113, 0, 0.996866, 2.9846, 0, -16.5329)
script = ExtResource("8_tereu")
platform_scenes = Array[PackedScene]([ExtResource("18_obt1j")])
randomize_in_editor = true

[node name="@Node3D@27121" type="Node3D" parent="Level" instance=ExtResource("11_imku0")]
transform = Transform3D(-0.325738, 0, 0.94546, 0, 1, 0, -0.94546, 0, -0.325738, 6.5799, 0, -22.5333)
script = ExtResource("8_tereu")
platform_scenes = Array[PackedScene]([ExtResource("12_wlxy5"), ExtResource("13_3v7ru"), ExtResource("22_2yde8")])
randomize_in_editor = true

[node name="@Node3D@27123" type="Node3D" parent="Level" instance=ExtResource("17_nu31w")]
transform = Transform3D(0.804361, 0, 0.594141, 0, 1, 0, -0.594141, 0, 0.804361, 9.67183, 0, -27.9266)
script = ExtResource("8_tereu")
platform_scenes = Array[PackedScene]([ExtResource("18_obt1j")])
randomize_in_editor = true

[node name="@Node3D@27125" type="Node3D" parent="Level" instance=ExtResource("7_6iypd")]
transform = Transform3D(-0.650052, 0, -0.75989, 0, 1, 0, 0.75989, 0, -0.650052, 6.70745, 0, -34.3648)
script = ExtResource("8_tereu")
platform_scenes = Array[PackedScene]([ExtResource("9_cdqbm"), ExtResource("10_imku0"), ExtResource("19_obt1j"), ExtResource("9_cdqbm"), ExtResource("10_imku0")])
randomize_in_editor = true

[node name="@Node3D@27127" type="Node3D" parent="Level" instance=ExtResource("11_imku0")]
transform = Transform3D(0.0163882, 0, 0.999866, 0, 1, 0, -0.999866, 0, 0.0163882, 9.26051, 0, -38.0409)
script = ExtResource("8_tereu")
platform_scenes = Array[PackedScene]([ExtResource("12_wlxy5"), ExtResource("13_3v7ru"), ExtResource("22_2yde8")])
randomize_in_editor = true

[node name="@Node3D@27129" type="Node3D" parent="Level" instance=ExtResource("11_imku0")]
transform = Transform3D(0.761517, 0, -0.648145, 0, 1, 0, 0.648145, 0, 0.761517, 11.4262, 0, -40.6777)
script = ExtResource("8_tereu")
platform_scenes = Array[PackedScene]([ExtResource("12_wlxy5"), ExtResource("13_3v7ru"), ExtResource("22_2yde8")])
randomize_in_editor = true

[node name="@Node3D@27131" type="Node3D" parent="Level" instance=ExtResource("17_nu31w")]
transform = Transform3D(0.0783784, 0, 0.996924, 0, 1, 0, -0.996924, 0, 0.0783784, 10.1233, 0, -42.9307)
script = ExtResource("8_tereu")
platform_scenes = Array[PackedScene]([ExtResource("18_obt1j")])
randomize_in_editor = true

[node name="@Node3D@27133" type="Node3D" parent="Level" instance=ExtResource("7_6iypd")]
transform = Transform3D(0.126026, 0, 0.992027, 0, 1, 0, -0.992027, 0, 0.126026, 7.29842, 0, -46.2913)
script = ExtResource("8_tereu")
platform_scenes = Array[PackedScene]([ExtResource("9_cdqbm"), ExtResource("10_imku0"), ExtResource("19_obt1j"), ExtResource("9_cdqbm"), ExtResource("10_imku0")])
randomize_in_editor = true

[node name="@Node3D@27135" type="Node3D" parent="Level" instance=ExtResource("17_nu31w")]
transform = Transform3D(-0.824468, 0, 0.565908, 0, 1, 0, -0.565908, 0, -0.824468, 10.3121, 0, -49.3302)
script = ExtResource("8_tereu")
platform_scenes = Array[PackedScene]([ExtResource("18_obt1j")])
randomize_in_editor = true

[node name="@Node3D@27137" type="Node3D" parent="Level" instance=ExtResource("7_6iypd")]
transform = Transform3D(0.523564, 0, -0.851987, 0, 1, 0, 0.851987, 0, 0.523564, 10.1425, 0, -53.6396)
script = ExtResource("8_tereu")
platform_scenes = Array[PackedScene]([ExtResource("9_cdqbm"), ExtResource("10_imku0"), ExtResource("19_obt1j"), ExtResource("9_cdqbm"), ExtResource("10_imku0")])
randomize_in_editor = true

[node name="@Node3D@27139" type="Node3D" parent="Level" instance=ExtResource("17_nu31w")]
transform = Transform3D(0.0415092, 0, -0.999138, 0, 1, 0, 0.999138, 0, 0.0415092, 8.42809, 0, -56.4749)
script = ExtResource("8_tereu")
platform_scenes = Array[PackedScene]([ExtResource("18_obt1j")])
randomize_in_editor = true

[node name="@Node3D@27141" type="Node3D" parent="Level" instance=ExtResource("17_nu31w")]
transform = Transform3D(-0.897455, 0, 0.441107, 0, 1, 0, -0.441107, 0, -0.897455, 9.81649, 0, -59.2712)
script = ExtResource("8_tereu")
platform_scenes = Array[PackedScene]([ExtResource("18_obt1j")])
randomize_in_editor = true

[node name="@Node3D@27143" type="Node3D" parent="Level" instance=ExtResource("11_imku0")]
transform = Transform3D(0.0415854, 0, -0.999135, 0, 1, 0, 0.999135, 0, 0.0415854, 8.85919, 0, -65.4989)
script = ExtResource("8_tereu")
platform_scenes = Array[PackedScene]([ExtResource("12_wlxy5"), ExtResource("13_3v7ru"), ExtResource("22_2yde8")])
randomize_in_editor = true

[node name="@Node3D@27145" type="Node3D" parent="Level" instance=ExtResource("7_6iypd")]
transform = Transform3D(0.19476, 0, 0.980851, 0, 1, 0, -0.980851, 0, 0.19476, 4.86422, 0, -69.8112)
script = ExtResource("8_tereu")
platform_scenes = Array[PackedScene]([ExtResource("9_cdqbm"), ExtResource("10_imku0"), ExtResource("19_obt1j"), ExtResource("9_cdqbm"), ExtResource("10_imku0")])
randomize_in_editor = true

[node name="@Node3D@27147" type="Node3D" parent="Level" instance=ExtResource("17_nu31w")]
transform = Transform3D(0.396074, 0, -0.918219, 0, 1, 0, 0.918219, 0, 0.396074, 6.52708, 0, -73.3369)
script = ExtResource("8_tereu")
platform_scenes = Array[PackedScene]([ExtResource("18_obt1j")])
randomize_in_editor = true

[node name="@Node3D@27149" type="Node3D" parent="Level" instance=ExtResource("7_6iypd")]
transform = Transform3D(0.414518, 0, 0.910041, 0, 1, 0, -0.910041, 0, 0.414518, 4.10159, 0, -75.9206)
script = ExtResource("8_tereu")
platform_scenes = Array[PackedScene]([ExtResource("9_cdqbm"), ExtResource("10_imku0"), ExtResource("19_obt1j"), ExtResource("9_cdqbm"), ExtResource("10_imku0")])
randomize_in_editor = true

[node name="@Node3D@27151" type="Node3D" parent="Level" instance=ExtResource("17_nu31w")]
transform = Transform3D(-0.922336, 0, -0.38639, 0, 1, 0, 0.38639, 0, -0.922336, -0.0354042, 0, -81.5517)
script = ExtResource("8_tereu")
platform_scenes = Array[PackedScene]([ExtResource("18_obt1j")])
randomize_in_editor = true

[node name="@Node3D@27153" type="Node3D" parent="Level" instance=ExtResource("11_imku0")]
transform = Transform3D(-0.989634, 0, 0.143611, 0, 1, 0, -0.143611, 0, -0.989634, 1.62575, 0, -87.554)
script = ExtResource("8_tereu")
platform_scenes = Array[PackedScene]([ExtResource("12_wlxy5"), ExtResource("13_3v7ru"), ExtResource("22_2yde8")])
randomize_in_editor = true

[node name="@Node3D@27155" type="Node3D" parent="Level" instance=ExtResource("7_6iypd")]
transform = Transform3D(0.133226, 0, -0.991086, 0, 1, 0, 0.991086, 0, 0.133226, 3.68837, 0, -93.6982)
script = ExtResource("8_tereu")
platform_scenes = Array[PackedScene]([ExtResource("9_cdqbm"), ExtResource("10_imku0"), ExtResource("19_obt1j"), ExtResource("9_cdqbm"), ExtResource("10_imku0")])
randomize_in_editor = true

[node name="@Node3D@27157" type="Node3D" parent="Level" instance=ExtResource("17_nu31w")]
transform = Transform3D(-0.774863, 0, 0.632129, 0, 1, 0, -0.632129, 0, -0.774863, 3.68736, 0, -100.335)
script = ExtResource("8_tereu")
platform_scenes = Array[PackedScene]([ExtResource("18_obt1j")])
randomize_in_editor = true

[node name="@Node3D@27159" type="Node3D" parent="Level" instance=ExtResource("11_imku0")]
transform = Transform3D(-0.632493, 0, -0.774566, 0, 1, 0, 0.774566, 0, -0.632493, 0.672116, 0, -106.274)
script = ExtResource("8_tereu")
platform_scenes = Array[PackedScene]([ExtResource("12_wlxy5"), ExtResource("13_3v7ru"), ExtResource("22_2yde8")])
randomize_in_editor = true

[node name="@Node3D@27161" type="Node3D" parent="Level" instance=ExtResource("7_6iypd")]
transform = Transform3D(0.313592, 0, 0.949558, 0, 1, 0, -0.949558, 0, 0.313592, 0.985058, 0, -111.579)
script = ExtResource("8_tereu")
platform_scenes = Array[PackedScene]([ExtResource("9_cdqbm"), ExtResource("10_imku0"), ExtResource("19_obt1j"), ExtResource("9_cdqbm"), ExtResource("10_imku0")])
randomize_in_editor = true

[node name="@Node3D@27163" type="Node3D" parent="Level" instance=ExtResource("17_nu31w")]
transform = Transform3D(-0.0673828, 0, 0.997727, 0, 1, 0, -0.997727, 0, -0.0673828, -0.576127, 0, -114.875)
script = ExtResource("8_tereu")
platform_scenes = Array[PackedScene]([ExtResource("18_obt1j")])
randomize_in_editor = true

[node name="@Node3D@27165" type="Node3D" parent="Level" instance=ExtResource("17_nu31w")]
transform = Transform3D(0.744749, 0, -0.667345, 0, 1, 0, 0.667345, 0, 0.744749, 0.995224, 0, -118.042)
script = ExtResource("8_tereu")
platform_scenes = Array[PackedScene]([ExtResource("18_obt1j")])
randomize_in_editor = true

[node name="@Node3D@27167" type="Node3D" parent="Level" instance=ExtResource("17_nu31w")]
transform = Transform3D(0.598404, 0, -0.801194, 0, 1, 0, 0.801194, 0, 0.598404, -2.58165, 0, -123.299)
script = ExtResource("8_tereu")
platform_scenes = Array[PackedScene]([ExtResource("18_obt1j")])
randomize_in_editor = true

[node name="@Node3D@27169" type="Node3D" parent="Level" instance=ExtResource("17_nu31w")]
transform = Transform3D(-0.449917, 0, -0.89307, 0, 1, 0, 0.89307, 0, -0.449917, -2.89004, 0, -126.069)
script = ExtResource("8_tereu")
platform_scenes = Array[PackedScene]([ExtResource("18_obt1j")])
randomize_in_editor = true

[node name="@Node3D@27171" type="Node3D" parent="Level" instance=ExtResource("17_nu31w")]
transform = Transform3D(-0.00647235, 0, 0.999979, 0, 1, 0, -0.999979, 0, -0.00647235, 2.07933, 0, -114.218)
script = ExtResource("8_tereu")
platform_scenes = Array[PackedScene]([ExtResource("18_obt1j")])
randomize_in_editor = true

[node name="@Node3D@27173" type="Node3D" parent="Level" instance=ExtResource("17_nu31w")]
transform = Transform3D(-0.677168, 0, 0.735829, 0, 1, 0, -0.735829, 0, -0.677168, 6.49852, 0, -105.914)
script = ExtResource("8_tereu")
platform_scenes = Array[PackedScene]([ExtResource("18_obt1j")])
randomize_in_editor = true

[node name="@Node3D@27175" type="Node3D" parent="Level" instance=ExtResource("17_nu31w")]
transform = Transform3D(0.0128815, 0, 0.999917, 0, 1, 0, -0.999917, 0, 0.0128815, 3.44103, 0, -109.56)
script = ExtResource("8_tereu")
platform_scenes = Array[PackedScene]([ExtResource("18_obt1j")])
randomize_in_editor = true

[node name="@Node3D@27177" type="Node3D" parent="Level" instance=ExtResource("7_6iypd")]
transform = Transform3D(-0.100358, 0, -0.994951, 0, 1, 0, 0.994951, 0, -0.100358, 3.83667, 0, -116.635)
script = ExtResource("8_tereu")
platform_scenes = Array[PackedScene]([ExtResource("9_cdqbm"), ExtResource("10_imku0"), ExtResource("19_obt1j"), ExtResource("9_cdqbm"), ExtResource("10_imku0")])
randomize_in_editor = true

[node name="@Node3D@27179" type="Node3D" parent="Level" instance=ExtResource("11_imku0")]
transform = Transform3D(-0.681905, 0, -0.731441, 0, 1, 0, 0.731441, 0, -0.681905, 6.61825, 0, -120.496)
script = ExtResource("8_tereu")
platform_scenes = Array[PackedScene]([ExtResource("12_wlxy5"), ExtResource("13_3v7ru"), ExtResource("22_2yde8")])
randomize_in_editor = true

[node name="@Node3D@27181" type="Node3D" parent="Level" instance=ExtResource("17_nu31w")]
transform = Transform3D(0.458928, 0, -0.888474, 0, 1, 0, 0.888474, 0, 0.458928, 2.42255, 0, -125.361)
script = ExtResource("8_tereu")
platform_scenes = Array[PackedScene]([ExtResource("18_obt1j")])
randomize_in_editor = true

[node name="@Node3D@27183" type="Node3D" parent="Level" instance=ExtResource("17_nu31w")]
transform = Transform3D(0.784879, 0, 0.619649, 0, 1, 0, -0.619649, 0, 0.784879, 6.22459, 0, -126.243)
script = ExtResource("8_tereu")
platform_scenes = Array[PackedScene]([ExtResource("18_obt1j")])
randomize_in_editor = true

[node name="@Node3D@27185" type="Node3D" parent="Level" instance=ExtResource("17_nu31w")]
transform = Transform3D(0.769004, 0, 0.639244, 0, 1, 0, -0.639244, 0, 0.769004, -0.963009, 0, -87.5245)
script = ExtResource("8_tereu")
platform_scenes = Array[PackedScene]([ExtResource("18_obt1j")])
randomize_in_editor = true

[node name="@Node3D@27187" type="Node3D" parent="Level" instance=ExtResource("17_nu31w")]
transform = Transform3D(-0.804078, 0, 0.594523, 0, 1, 0, -0.594523, 0, -0.804078, -2.0681, 0, -90.8024)
script = ExtResource("8_tereu")
platform_scenes = Array[PackedScene]([ExtResource("18_obt1j")])
randomize_in_editor = true

[node name="@Node3D@27189" type="Node3D" parent="Level" instance=ExtResource("11_imku0")]
transform = Transform3D(0.245353, 0, -0.969434, 0, 1, 0, 0.969434, 0, 0.245353, -2.34044, 0, -97.6857)
script = ExtResource("8_tereu")
platform_scenes = Array[PackedScene]([ExtResource("12_wlxy5"), ExtResource("13_3v7ru"), ExtResource("22_2yde8")])
randomize_in_editor = true

[node name="@Node3D@27191" type="Node3D" parent="Level" instance=ExtResource("17_nu31w")]
transform = Transform3D(-0.219089, 0, 0.975705, 0, 1, 0, -0.975705, 0, -0.219089, -2.2496, 0, -100.346)
script = ExtResource("8_tereu")
platform_scenes = Array[PackedScene]([ExtResource("18_obt1j")])
randomize_in_editor = true

[node name="@Node3D@27193" type="Node3D" parent="Level" instance=ExtResource("7_6iypd")]
transform = Transform3D(0.574001, 0, -0.818854, 0, 1, 0, 0.818854, 0, 0.574001, -2.66831, 0, -104.824)
script = ExtResource("8_tereu")
platform_scenes = Array[PackedScene]([ExtResource("9_cdqbm"), ExtResource("10_imku0"), ExtResource("19_obt1j"), ExtResource("9_cdqbm"), ExtResource("10_imku0")])
randomize_in_editor = true

[node name="@Node3D@27195" type="Node3D" parent="Level" instance=ExtResource("7_6iypd")]
transform = Transform3D(-0.039369, 0, 0.999225, 0, 1, 0, -0.999225, 0, -0.039369, -1.73762, 0, -107.328)
script = ExtResource("8_tereu")
platform_scenes = Array[PackedScene]([ExtResource("9_cdqbm"), ExtResource("10_imku0"), ExtResource("19_obt1j"), ExtResource("9_cdqbm"), ExtResource("10_imku0")])
randomize_in_editor = true

[node name="@Node3D@27197" type="Node3D" parent="Level" instance=ExtResource("11_imku0")]
transform = Transform3D(0.890288, 0, 0.455397, 0, 1, 0, -0.455397, 0, 0.890288, -5.09607, 0, -110.9)
script = ExtResource("8_tereu")
platform_scenes = Array[PackedScene]([ExtResource("12_wlxy5"), ExtResource("13_3v7ru"), ExtResource("22_2yde8")])
randomize_in_editor = true

[node name="@Node3D@27199" type="Node3D" parent="Level" instance=ExtResource("11_imku0")]
transform = Transform3D(0.387107, 0, 0.922035, 0, 1, 0, -0.922035, 0, 0.387107, -5.57815, 0, -105.306)
script = ExtResource("8_tereu")
platform_scenes = Array[PackedScene]([ExtResource("12_wlxy5"), ExtResource("13_3v7ru"), ExtResource("22_2yde8")])
randomize_in_editor = true

[node name="@Node3D@27201" type="Node3D" parent="Level" instance=ExtResource("11_imku0")]
transform = Transform3D(-0.00315664, 0, -0.999995, 0, 1, 0, 0.999995, 0, -0.00315664, -4.03147, 0, -108.339)
script = ExtResource("8_tereu")
platform_scenes = Array[PackedScene]([ExtResource("12_wlxy5"), ExtResource("13_3v7ru"), ExtResource("22_2yde8")])
randomize_in_editor = true

[node name="@Node3D@27203" type="Node3D" parent="Level" instance=ExtResource("11_imku0")]
transform = Transform3D(-0.0370148, 0, 0.999315, 0, 1, 0, -0.999315, 0, -0.0370148, 4.96095, 0, -80.0731)
script = ExtResource("8_tereu")
platform_scenes = Array[PackedScene]([ExtResource("12_wlxy5"), ExtResource("13_3v7ru"), ExtResource("22_2yde8")])
randomize_in_editor = true

[node name="@Node3D@27205" type="Node3D" parent="Level" instance=ExtResource("11_imku0")]
transform = Transform3D(-0.956262, 0, -0.292513, 0, 1, 0, 0.292513, 0, -0.956262, 2.54996, 0, -83.539)
script = ExtResource("8_tereu")
platform_scenes = Array[PackedScene]([ExtResource("12_wlxy5"), ExtResource("13_3v7ru"), ExtResource("22_2yde8")])
randomize_in_editor = true

[node name="@Node3D@27207" type="Node3D" parent="Level" instance=ExtResource("7_6iypd")]
transform = Transform3D(-0.982972, 0, -0.183758, 0, 1, 0, 0.183758, 0, -0.982972, 7.9376, 0, -85.9479)
script = ExtResource("8_tereu")
platform_scenes = Array[PackedScene]([ExtResource("9_cdqbm"), ExtResource("10_imku0"), ExtResource("19_obt1j"), ExtResource("9_cdqbm"), ExtResource("10_imku0")])
randomize_in_editor = true

[node name="@Node3D@27209" type="Node3D" parent="Level" instance=ExtResource("17_nu31w")]
transform = Transform3D(-0.891758, 0, -0.452513, 0, 1, 0, 0.452513, 0, -0.891758, 7.80609, 0, -88.8405)
script = ExtResource("8_tereu")
platform_scenes = Array[PackedScene]([ExtResource("18_obt1j")])
randomize_in_editor = true

[node name="@Node3D@27211" type="Node3D" parent="Level" instance=ExtResource("11_imku0")]
transform = Transform3D(0.533439, 0, 0.845839, 0, 1, 0, -0.845839, 0, 0.533439, 5.81666, 0, -92.0487)
script = ExtResource("8_tereu")
platform_scenes = Array[PackedScene]([ExtResource("12_wlxy5"), ExtResource("13_3v7ru"), ExtResource("22_2yde8")])
randomize_in_editor = true

[node name="@Node3D@27213" type="Node3D" parent="Level" instance=ExtResource("7_6iypd")]
transform = Transform3D(-0.970445, 0, -0.241323, 0, 1, 0, 0.241323, 0, -0.970445, 9.75831, 0, -97.5051)
script = ExtResource("8_tereu")
platform_scenes = Array[PackedScene]([ExtResource("9_cdqbm"), ExtResource("10_imku0"), ExtResource("19_obt1j"), ExtResource("9_cdqbm"), ExtResource("10_imku0")])
randomize_in_editor = true

[node name="@Node3D@27215" type="Node3D" parent="Level" instance=ExtResource("11_imku0")]
transform = Transform3D(-0.157144, 0, 0.987576, 0, 1, 0, -0.987576, 0, -0.157144, 9.25746, 0, -101.499)
script = ExtResource("8_tereu")
platform_scenes = Array[PackedScene]([ExtResource("12_wlxy5"), ExtResource("13_3v7ru"), ExtResource("22_2yde8")])
randomize_in_editor = true

[node name="@Node3D@27217" type="Node3D" parent="Level" instance=ExtResource("7_6iypd")]
transform = Transform3D(0.998151, 0, -0.0607772, 0, 1, 0, 0.0607772, 0, 0.998151, 8.41327, 0, -103.895)
script = ExtResource("8_tereu")
platform_scenes = Array[PackedScene]([ExtResource("9_cdqbm"), ExtResource("10_imku0"), ExtResource("19_obt1j"), ExtResource("9_cdqbm"), ExtResource("10_imku0")])
randomize_in_editor = true

[node name="@Node3D@27219" type="Node3D" parent="Level" instance=ExtResource("17_nu31w")]
transform = Transform3D(0.593991, 0, -0.804471, 0, 1, 0, 0.804471, 0, 0.593991, 11.5529, 0, -110.229)
script = ExtResource("8_tereu")
platform_scenes = Array[PackedScene]([ExtResource("18_obt1j")])
randomize_in_editor = true

[node name="@Node3D@27221" type="Node3D" parent="Level" instance=ExtResource("17_nu31w")]
transform = Transform3D(0.982225, 0, -0.187708, 0, 1, 0, 0.187708, 0, 0.982225, 9.07806, 0, -112.983)
script = ExtResource("8_tereu")
platform_scenes = Array[PackedScene]([ExtResource("18_obt1j")])
randomize_in_editor = true

[node name="@Node3D@27223" type="Node3D" parent="Level" instance=ExtResource("7_6iypd")]
transform = Transform3D(-0.158163, 0, -0.987413, 0, 1, 0, 0.987413, 0, -0.158163, 10.38, 0, -115.956)
script = ExtResource("8_tereu")
platform_scenes = Array[PackedScene]([ExtResource("9_cdqbm"), ExtResource("10_imku0"), ExtResource("19_obt1j"), ExtResource("9_cdqbm"), ExtResource("10_imku0")])
randomize_in_editor = true

[node name="@Node3D@27225" type="Node3D" parent="Level" instance=ExtResource("11_imku0")]
transform = Transform3D(0.113103, 0, -0.993583, 0, 1, 0, 0.993583, 0, 0.113103, 6.7278, 0, -94.8694)
script = ExtResource("8_tereu")
platform_scenes = Array[PackedScene]([ExtResource("12_wlxy5"), ExtResource("13_3v7ru"), ExtResource("22_2yde8")])
randomize_in_editor = true

[node name="@Node3D@27227" type="Node3D" parent="Level" instance=ExtResource("7_6iypd")]
transform = Transform3D(-0.19835, 0, -0.980131, 0, 1, 0, 0.980131, 0, -0.19835, 7.20642, 0, -76.7417)
script = ExtResource("8_tereu")
platform_scenes = Array[PackedScene]([ExtResource("9_cdqbm"), ExtResource("10_imku0"), ExtResource("19_obt1j"), ExtResource("9_cdqbm"), ExtResource("10_imku0")])
randomize_in_editor = true

[node name="@Node3D@27229" type="Node3D" parent="Level" instance=ExtResource("17_nu31w")]
transform = Transform3D(-0.919447, 0, 0.393213, 0, 1, 0, -0.393213, 0, -0.919447, 9.8771, 0, -82.622)
script = ExtResource("8_tereu")
platform_scenes = Array[PackedScene]([ExtResource("18_obt1j")])
randomize_in_editor = true

[node name="@Node3D@27231" type="Node3D" parent="Level" instance=ExtResource("17_nu31w")]
transform = Transform3D(0.27775, 0, 0.960653, 0, 1, 0, -0.960653, 0, 0.27775, 11.9281, 0, -85.164)
script = ExtResource("8_tereu")
platform_scenes = Array[PackedScene]([ExtResource("18_obt1j")])
randomize_in_editor = true

[node name="@Node3D@27233" type="Node3D" parent="Level" instance=ExtResource("11_imku0")]
transform = Transform3D(-0.964679, 0, -0.263429, 0, 1, 0, 0.263429, 0, -0.964679, 10.9314, 0, -69.9988)
script = ExtResource("8_tereu")
platform_scenes = Array[PackedScene]([ExtResource("12_wlxy5"), ExtResource("13_3v7ru"), ExtResource("22_2yde8")])
randomize_in_editor = true

[node name="@Node3D@27235" type="Node3D" parent="Level" instance=ExtResource("11_imku0")]
transform = Transform3D(0.960221, 0, -0.279241, 0, 1, 0, 0.279241, 0, 0.960221, 10.2997, 0, -77.2429)
script = ExtResource("8_tereu")
platform_scenes = Array[PackedScene]([ExtResource("12_wlxy5"), ExtResource("13_3v7ru"), ExtResource("22_2yde8")])
randomize_in_editor = true

[node name="@Node3D@27237" type="Node3D" parent="Level" instance=ExtResource("17_nu31w")]
transform = Transform3D(0.993233, 0, -0.116141, 0, 1, 0, 0.116141, 0, 0.993233, 4.8364, 0, -11.3796)
script = ExtResource("8_tereu")
platform_scenes = Array[PackedScene]([ExtResource("18_obt1j")])
randomize_in_editor = true

