[gd_scene load_steps=34 format=3 uid="uid://3f7k8dolqfhh"]

[ext_resource type="PackedScene" uid="uid://g4tbrr3sfui2" path="res://player.tscn" id="1_a202f"]
[ext_resource type="Script" uid="uid://b85s3xfg6xv8i" path="res://game_manager.gd" id="1_tereu"]
[ext_resource type="FontFile" uid="uid://decj3qo5pg26d" path="res://kirifont/KiriFont.otf" id="2_cdqbm"]
[ext_resource type="LabelSettings" uid="uid://b32jxxg8k3j45" path="res://custom.tres" id="2_tereu"]
[ext_resource type="LabelSettings" uid="uid://c2fbmgdggtmr8" path="res://leaderboard.tres" id="4_imku0"]
[ext_resource type="PackedScene" uid="uid://o6nh6fno5b0d" path="res://level/level.tscn" id="6_i5arm"]
[ext_resource type="PackedScene" uid="uid://berc3ktdu00jq" path="res://water_grid.tscn" id="6_jsk3o"]
[ext_resource type="PackedScene" uid="uid://cloxm7yrf3dau" path="res://player4.tscn" id="6_vxd74"]
[ext_resource type="PackedScene" uid="uid://6kx5nm2ecru" path="res://items/generators/items.tscn" id="6_wc5p8"]
[ext_resource type="PackedScene" uid="uid://bgowpuve5rom4" path="res://level/1x1/1x1.tscn" id="7_6iypd"]
[ext_resource type="PackedScene" uid="uid://cwjt7a54ooioq" path="res://player3.tscn" id="7_dhlwf"]
[ext_resource type="PackedScene" uid="uid://oa4gk1w85htb" path="res://kill_zone.tscn" id="7_wc5p8"]
[ext_resource type="PackedScene" uid="uid://685x3hhuvr5l" path="res://player2.tscn" id="8_5t8nk"]
[ext_resource type="Script" uid="uid://4ohwjxvwlf14" path="res://scripts/random_platform.gd" id="8_tereu"]
[ext_resource type="PackedScene" uid="uid://bau54xbcyquty" path="res://goal.tscn" id="9_4arys"]
[ext_resource type="PackedScene" uid="uid://evotmterwgic" path="res://level/1x1/0.tscn" id="9_cdqbm"]
[ext_resource type="PackedScene" uid="uid://bq3jgcl0fepk2" path="res://level/1x1/1.tscn" id="10_imku0"]
[ext_resource type="PackedScene" uid="uid://bct2vsr7ymxi4" path="res://level/2x2/2x2.tscn" id="11_imku0"]
[ext_resource type="PackedScene" uid="uid://l2l3mvvrqhsu" path="res://level/2x2/0.tscn" id="12_wlxy5"]
[ext_resource type="PackedScene" uid="uid://da3dp6rlapf65" path="res://level/2x2/1.tscn" id="13_3v7ru"]
[ext_resource type="PackedScene" uid="uid://ck51bdne8ldwv" path="res://island.tscn" id="14_wlxy5"]
[ext_resource type="PackedScene" uid="uid://bpulflnw0vw5l" path="res://level/2x1/2x1.tscn" id="17_nu31w"]
[ext_resource type="PackedScene" uid="uid://dviuybxhwu1ho" path="res://level/2x1/0.tscn" id="18_obt1j"]
[ext_resource type="PackedScene" uid="uid://gof5kolddo3a" path="res://level/1x1/2.tscn" id="19_obt1j"]
[ext_resource type="PackedScene" uid="uid://bsmlem37lo4th" path="res://level/2x2/2.tscn" id="22_2yde8"]
[ext_resource type="PackedScene" uid="uid://csmc4dfieimjx" path="res://meshes/Startplatform/Startingplatform.tscn" id="24_dhlwf"]
[ext_resource type="PackedScene" uid="uid://b5bxwo0db64jg" path="res://meshes/Chest/chest.glb" id="24_nu31w"]

[sub_resource type="LabelSettings" id="LabelSettings_cdqbm"]
font = ExtResource("2_cdqbm")
font_size = 300
outline_size = 40
outline_color = Color(0, 0, 0, 1)

[sub_resource type="StyleBoxFlat" id="StyleBoxFlat_cdqbm"]
bg_color = Color(7.52043e-08, 0.0590926, 0.150703, 0.411765)

[sub_resource type="ProceduralSkyMaterial" id="ProceduralSkyMaterial_noarx"]

[sub_resource type="Sky" id="Sky_noarx"]
sky_material = SubResource("ProceduralSkyMaterial_noarx")

[sub_resource type="Environment" id="Environment_a0tk4"]
background_mode = 2
background_energy_multiplier = 2.5
sky = SubResource("Sky_noarx")

[sub_resource type="CameraAttributesPractical" id="CameraAttributesPractical_noarx"]

[node name="Game" type="Node3D"]

[node name="GameManager" type="Node" parent="."]
script = ExtResource("1_tereu")

[node name="CanvasLayer" type="CanvasLayer" parent="GameManager"]
layer = 100

[node name="SharedLabel" type="Label" parent="GameManager/CanvasLayer"]
custom_minimum_size = Vector2(400, 400)
anchors_preset = 8
anchor_left = 0.5
anchor_top = 0.5
anchor_right = 0.5
anchor_bottom = 0.5
offset_left = -960.0
offset_top = -540.0
offset_right = 960.0
offset_bottom = 540.0
grow_horizontal = 2
grow_vertical = 2
pivot_offset = Vector2(960, 540)
size_flags_vertical = 1
theme_override_font_sizes/font_size = 50
label_settings = ExtResource("2_tereu")
horizontal_alignment = 1
vertical_alignment = 1
autowrap_mode = 2
metadata/_edit_use_anchors_ = true

[node name="SharedLabel2" type="Label" parent="GameManager/CanvasLayer"]
custom_minimum_size = Vector2(2000, 1200)
anchors_preset = 8
anchor_left = 0.5
anchor_top = 0.5
anchor_right = 0.5
anchor_bottom = 0.5
offset_left = -1000.0
offset_top = -600.0
offset_right = 1000.0
offset_bottom = 600.0
grow_horizontal = 2
grow_vertical = 2
size_flags_vertical = 1
text = " "
label_settings = SubResource("LabelSettings_cdqbm")
horizontal_alignment = 1
vertical_alignment = 1
autowrap_mode = 2
metadata/_edit_use_anchors_ = true

[node name="opacity" type="Panel" parent="GameManager/CanvasLayer"]
visible = false
anchors_preset = 15
anchor_right = 1.0
anchor_bottom = 1.0
grow_horizontal = 2
grow_vertical = 2
size_flags_horizontal = 4
size_flags_vertical = 4
theme_override_styles/panel = SubResource("StyleBoxFlat_cdqbm")

[node name="Leaderboard" type="Panel" parent="GameManager/CanvasLayer/opacity"]
custom_minimum_size = Vector2(500, 500)
layout_mode = 1
anchors_preset = 8
anchor_left = 0.5
anchor_top = 0.5
anchor_right = 0.5
anchor_bottom = 0.5
offset_left = -250.0
offset_top = -250.0
offset_right = 250.0
offset_bottom = 250.0
grow_horizontal = 2
grow_vertical = 2

[node name="VBoxContainer" type="VBoxContainer" parent="GameManager/CanvasLayer/opacity/Leaderboard"]
layout_mode = 1
anchors_preset = 15
anchor_right = 1.0
anchor_bottom = 1.0
grow_horizontal = 2
grow_vertical = 2
theme_override_constants/separation = 20

[node name="Score1st" type="Label" parent="GameManager/CanvasLayer/opacity/Leaderboard/VBoxContainer"]
custom_minimum_size = Vector2(100, 100)
layout_mode = 2
size_flags_vertical = 3
label_settings = ExtResource("4_imku0")
horizontal_alignment = 1
vertical_alignment = 1
autowrap_mode = 2

[node name="Score2nd" type="Label" parent="GameManager/CanvasLayer/opacity/Leaderboard/VBoxContainer"]
custom_minimum_size = Vector2(100, 100)
layout_mode = 2
size_flags_vertical = 3
label_settings = ExtResource("4_imku0")
horizontal_alignment = 1
vertical_alignment = 1
autowrap_mode = 2

[node name="Score3rd" type="Label" parent="GameManager/CanvasLayer/opacity/Leaderboard/VBoxContainer"]
custom_minimum_size = Vector2(100, 100)
layout_mode = 2
size_flags_vertical = 3
label_settings = ExtResource("4_imku0")
horizontal_alignment = 1
vertical_alignment = 1
autowrap_mode = 2

[node name="Score4th" type="Label" parent="GameManager/CanvasLayer/opacity/Leaderboard/VBoxContainer"]
custom_minimum_size = Vector2(100, 100)
layout_mode = 2
size_flags_vertical = 3
label_settings = ExtResource("4_imku0")
horizontal_alignment = 1
vertical_alignment = 1
autowrap_mode = 2

[node name="Leaderboard2" type="Panel" parent="GameManager/CanvasLayer/opacity"]
visible = false
custom_minimum_size = Vector2(1000, 150)
layout_mode = 1
anchors_preset = 8
anchor_left = 0.5
anchor_top = 0.5
anchor_right = 0.5
anchor_bottom = 0.5
offset_left = -500.0
offset_top = 140.0
offset_right = 500.0
offset_bottom = 290.0
grow_horizontal = 2
grow_vertical = 2

[node name="MarginContainer" type="MarginContainer" parent="GameManager/CanvasLayer/opacity/Leaderboard2"]
layout_mode = 1
anchors_preset = 15
anchor_right = 1.0
anchor_bottom = 1.0
grow_horizontal = 2
grow_vertical = 2
theme_override_constants/margin_left = 30
theme_override_constants/margin_top = 30
theme_override_constants/margin_right = 30
theme_override_constants/margin_bottom = 30

[node name="HBoxContainer" type="HBoxContainer" parent="GameManager/CanvasLayer/opacity/Leaderboard2/MarginContainer"]
custom_minimum_size = Vector2(1000, 0)
layout_mode = 2
theme_override_constants/separation = 100

[node name="Options" type="Button" parent="GameManager/CanvasLayer/opacity/Leaderboard2/MarginContainer/HBoxContainer"]
layout_mode = 2
size_flags_horizontal = 3
size_flags_vertical = 3
theme_override_fonts/font = ExtResource("2_cdqbm")
theme_override_font_sizes/font_size = 50
text = "Options"

[node name="StartGame" type="Button" parent="GameManager/CanvasLayer/opacity/Leaderboard2/MarginContainer/HBoxContainer"]
layout_mode = 2
size_flags_horizontal = 3
size_flags_vertical = 3
theme_override_fonts/font = ExtResource("2_cdqbm")
theme_override_font_sizes/font_size = 50
text = "Restart"

[node name="Quit" type="Button" parent="GameManager/CanvasLayer/opacity/Leaderboard2/MarginContainer/HBoxContainer"]
layout_mode = 2
size_flags_horizontal = 3
size_flags_vertical = 3
theme_override_fonts/font = ExtResource("2_cdqbm")
theme_override_font_sizes/font_size = 50
text = "quit"

[node name="DirectionalLight3D" type="DirectionalLight3D" parent="."]
transform = Transform3D(-0.534213, -0.815404, -0.223011, -0.284691, -0.0748638, 0.955692, -0.79597, 0.574032, -0.192145, -4.2404, 11.0469, -3.46405)
shadow_enabled = true

[node name="WorldEnvironment" type="WorldEnvironment" parent="."]
environment = SubResource("Environment_a0tk4")
camera_attributes = SubResource("CameraAttributesPractical_noarx")

[node name="GridContainer" type="GridContainer" parent="."]
anchors_preset = 15
anchor_right = 1.0
anchor_bottom = 1.0
grow_horizontal = 2
grow_vertical = 2
columns = 2

[node name="SubViewportContainer" type="SubViewportContainer" parent="GridContainer"]
layout_mode = 2
size_flags_horizontal = 3
size_flags_vertical = 3
stretch = true

[node name="SubViewport" type="SubViewport" parent="GridContainer/SubViewportContainer"]
handle_input_locally = false
size = Vector2i(2, 2)
render_target_update_mode = 4

[node name="Player" parent="GridContainer/SubViewportContainer/SubViewport" instance=ExtResource("1_a202f")]
transform = Transform3D(1, 0, 0, 0, 1, 0, 0, 0, 1, 0, 10, 0)
axis_lock_angular_y = true

[node name="IconTexture" type="TextureRect" parent="GridContainer/SubViewportContainer/SubViewport/Player"]
offset_right = 150.0
offset_bottom = 150.0
expand_mode = 1

[node name="PointsLabel" type="Label" parent="GridContainer/SubViewportContainer/SubViewport/Player"]
anchors_preset = 2
anchor_top = 1.0
anchor_bottom = 1.0
offset_top = -23.0
offset_right = 79.0
grow_vertical = 0

[node name="MarginContainer" type="MarginContainer" parent="GridContainer/SubViewportContainer/SubViewport/Player"]
offset_left = 20.0
offset_top = 20.0
offset_right = 60.0
offset_bottom = 61.0

[node name="CurrItemLabel" type="Label" parent="GridContainer/SubViewportContainer/SubViewport/Player/MarginContainer"]
layout_mode = 2

[node name="SubViewportContainer2" type="SubViewportContainer" parent="GridContainer"]
layout_mode = 2
size_flags_horizontal = 3
size_flags_vertical = 3
stretch = true

[node name="SubViewport" type="SubViewport" parent="GridContainer/SubViewportContainer2"]
handle_input_locally = false
size = Vector2i(2, 2)
render_target_update_mode = 4

[node name="Player2" parent="GridContainer/SubViewportContainer2/SubViewport" instance=ExtResource("8_5t8nk")]
transform = Transform3D(1, 0, 0, 0, 1, 0, 0, 0, 1, 2.5, 10, 0)

[node name="PointsLabel" type="Label" parent="GridContainer/SubViewportContainer2/SubViewport/Player2"]
anchors_preset = 3
anchor_left = 1.0
anchor_top = 1.0
anchor_right = 1.0
anchor_bottom = 1.0
offset_left = -79.0
offset_top = -41.0
grow_horizontal = 0
grow_vertical = 0

[node name="MarginContainer" type="MarginContainer" parent="GridContainer/SubViewportContainer2/SubViewport/Player2"]
anchors_preset = 1
anchor_left = 1.0
anchor_right = 1.0
offset_left = -40.0
offset_bottom = 41.0
grow_horizontal = 0

[node name="CurrItemLabel" type="Label" parent="GridContainer/SubViewportContainer2/SubViewport/Player2/MarginContainer"]
layout_mode = 2

[node name="IconTexture" type="TextureRect" parent="GridContainer/SubViewportContainer2/SubViewport/Player2"]
anchors_preset = 1
anchor_left = 1.0
anchor_right = 1.0
offset_left = -150.0
offset_bottom = 150.0
grow_horizontal = 0
expand_mode = 1

[node name="SubViewportContainer3" type="SubViewportContainer" parent="GridContainer"]
layout_mode = 2
size_flags_horizontal = 3
size_flags_vertical = 3
stretch = true

[node name="SubViewport" type="SubViewport" parent="GridContainer/SubViewportContainer3"]
handle_input_locally = false
size = Vector2i(2, 2)
render_target_update_mode = 4

[node name="Player3" parent="GridContainer/SubViewportContainer3/SubViewport" instance=ExtResource("7_dhlwf")]
transform = Transform3D(1, 0, 0, 0, 1, 0, 0, 0, 1, 5, 10, 0)

[node name="IconTexture" type="TextureRect" parent="GridContainer/SubViewportContainer3/SubViewport/Player3"]
anchors_preset = 2
anchor_top = 1.0
anchor_bottom = 1.0
offset_top = -150.0
offset_right = 150.0
grow_vertical = 0
expand_mode = 1

[node name="PointsLabel" type="Label" parent="GridContainer/SubViewportContainer3/SubViewport/Player3"]
anchors_preset = 2
anchor_top = 1.0
anchor_bottom = 1.0
offset_top = -41.0
offset_right = 79.0
grow_vertical = 0

[node name="MarginContainer" type="MarginContainer" parent="GridContainer/SubViewportContainer3/SubViewport/Player3"]
anchors_preset = 2
anchor_top = 1.0
anchor_bottom = 1.0
offset_top = -41.0
offset_right = 40.0
grow_vertical = 0

[node name="CurrItemLabel" type="Label" parent="GridContainer/SubViewportContainer3/SubViewport/Player3/MarginContainer"]
layout_mode = 2

[node name="SubViewportContainer4" type="SubViewportContainer" parent="GridContainer"]
layout_mode = 2
size_flags_horizontal = 3
size_flags_vertical = 3
stretch = true

[node name="SubViewport" type="SubViewport" parent="GridContainer/SubViewportContainer4"]
handle_input_locally = false
size = Vector2i(2, 2)
render_target_update_mode = 4

[node name="Player4" parent="GridContainer/SubViewportContainer4/SubViewport" instance=ExtResource("6_vxd74")]
transform = Transform3D(1, 0, 0, 0, 1, 0, 0, 0, 1, 7.5, 10, 0)

[node name="IconTexture" type="TextureRect" parent="GridContainer/SubViewportContainer4/SubViewport/Player4"]
anchors_preset = 3
anchor_left = 1.0
anchor_top = 1.0
anchor_right = 1.0
anchor_bottom = 1.0
offset_left = -150.0
offset_top = -150.0
grow_horizontal = 0
grow_vertical = 0
expand_mode = 1

[node name="PointsLabel" type="Label" parent="GridContainer/SubViewportContainer4/SubViewport/Player4"]
anchors_preset = 3
anchor_left = 1.0
anchor_top = 1.0
anchor_right = 1.0
anchor_bottom = 1.0
offset_left = -79.0
offset_top = -41.0
grow_horizontal = 0
grow_vertical = 0

[node name="MarginContainer" type="MarginContainer" parent="GridContainer/SubViewportContainer4/SubViewport/Player4"]
anchors_preset = 3
anchor_left = 1.0
anchor_top = 1.0
anchor_right = 1.0
anchor_bottom = 1.0
offset_left = -40.0
offset_top = -41.0
grow_horizontal = 0
grow_vertical = 0

[node name="CurrItemLabel" type="Label" parent="GridContainer/SubViewportContainer4/SubViewport/Player4/MarginContainer"]
layout_mode = 2

[node name="Items" parent="." instance=ExtResource("6_wc5p8")]

[node name="Level" parent="." instance=ExtResource("6_i5arm")]

[node name="Node3D" type="Node3D" parent="Level" instance=ExtResource("7_6iypd")]
transform = Transform3D(-0.761788, 0, 0.647827, 0, 1, 0, -0.647827, 0, -0.761788, 0, 0, 0)
script = ExtResource("8_tereu")
platform_scenes = Array[PackedScene]([ExtResource("9_cdqbm"), ExtResource("10_imku0"), ExtResource("19_obt1j"), ExtResource("9_cdqbm"), ExtResource("10_imku0")])
randomize_in_editor = true

[node name="@Node3D@22212" type="Node3D" parent="Level" instance=ExtResource("17_nu31w")]
transform = Transform3D(0.998546, 0, 0.0539022, 0, 1, 0, -0.0539022, 0, 0.998546, 4.75822, 0, -4.81207)
script = ExtResource("8_tereu")
platform_scenes = Array[PackedScene]([ExtResource("18_obt1j")])
randomize_in_editor = true

[node name="@Node3D@22214" type="Node3D" parent="Level" instance=ExtResource("7_6iypd")]
transform = Transform3D(-0.216212, 0, -0.976346, 0, 1, 0, 0.976346, 0, -0.216212, 9.64592, 0, -9.93622)
script = ExtResource("8_tereu")
platform_scenes = Array[PackedScene]([ExtResource("9_cdqbm"), ExtResource("10_imku0"), ExtResource("19_obt1j"), ExtResource("9_cdqbm"), ExtResource("10_imku0")])
randomize_in_editor = true

[node name="@Node3D@22216" type="Node3D" parent="Level" instance=ExtResource("11_imku0")]
transform = Transform3D(0.919162, 0, -0.393879, 0, 1, 0, 0.393879, 0, 0.919162, 9.2652, 0, -13.8847)
script = ExtResource("8_tereu")
platform_scenes = Array[PackedScene]([ExtResource("12_wlxy5"), ExtResource("13_3v7ru"), ExtResource("22_2yde8")])
randomize_in_editor = true

[node name="@Node3D@22218" type="Node3D" parent="Level" instance=ExtResource("7_6iypd")]
transform = Transform3D(0.375864, 0, 0.926675, 0, 1, 0, -0.926675, 0, 0.375864, 6.2491, 0, -20.4796)
script = ExtResource("8_tereu")
platform_scenes = Array[PackedScene]([ExtResource("9_cdqbm"), ExtResource("10_imku0"), ExtResource("19_obt1j"), ExtResource("9_cdqbm"), ExtResource("10_imku0")])
randomize_in_editor = true

[node name="@Node3D@22220" type="Node3D" parent="Level" instance=ExtResource("7_6iypd")]
transform = Transform3D(-0.977123, 0, -0.212675, 0, 1, 0, 0.212675, 0, -0.977123, 3.23018, 0, -25.3453)
script = ExtResource("8_tereu")
platform_scenes = Array[PackedScene]([ExtResource("9_cdqbm"), ExtResource("10_imku0"), ExtResource("19_obt1j"), ExtResource("9_cdqbm"), ExtResource("10_imku0")])
randomize_in_editor = true

[node name="@Node3D@22222" type="Node3D" parent="Level" instance=ExtResource("17_nu31w")]
transform = Transform3D(-0.816041, 0, -0.577995, 0, 1, 0, 0.577995, 0, -0.816041, 3.5208, 0, -30.2661)
script = ExtResource("8_tereu")
platform_scenes = Array[PackedScene]([ExtResource("18_obt1j")])
randomize_in_editor = true

[node name="@Node3D@22224" type="Node3D" parent="Level" instance=ExtResource("7_6iypd")]
transform = Transform3D(-0.955061, 0, 0.296411, 0, 1, 0, -0.296411, 0, -0.955061, 8.15674, 0, -36.0333)
script = ExtResource("8_tereu")
platform_scenes = Array[PackedScene]([ExtResource("9_cdqbm"), ExtResource("10_imku0"), ExtResource("19_obt1j"), ExtResource("9_cdqbm"), ExtResource("10_imku0")])
randomize_in_editor = true

[node name="@Node3D@22226" type="Node3D" parent="Level" instance=ExtResource("17_nu31w")]
transform = Transform3D(-0.132998, 0, 0.991116, 0, 1, 0, -0.991116, 0, -0.132998, 9.68047, 0, -39.544)
script = ExtResource("8_tereu")
platform_scenes = Array[PackedScene]([ExtResource("18_obt1j")])
randomize_in_editor = true

[node name="@Node3D@22228" type="Node3D" parent="Level" instance=ExtResource("17_nu31w")]
transform = Transform3D(0.952371, 0, 0.304943, 0, 1, 0, -0.304943, 0, 0.952371, 11.8761, 0, -44.2727)
script = ExtResource("8_tereu")
platform_scenes = Array[PackedScene]([ExtResource("18_obt1j")])
randomize_in_editor = true

[node name="@Node3D@22230" type="Node3D" parent="Level" instance=ExtResource("11_imku0")]
transform = Transform3D(-0.511887, 0, -0.859053, 0, 1, 0, 0.859053, 0, -0.511887, 11.1043, 0, -49.2358)
script = ExtResource("8_tereu")
platform_scenes = Array[PackedScene]([ExtResource("12_wlxy5"), ExtResource("13_3v7ru"), ExtResource("22_2yde8")])
randomize_in_editor = true

[node name="@Node3D@22232" type="Node3D" parent="Level" instance=ExtResource("7_6iypd")]
transform = Transform3D(-0.205008, 0, -0.97876, 0, 1, 0, 0.97876, 0, -0.205008, 9.5304, 0, -51.3539)
script = ExtResource("8_tereu")
platform_scenes = Array[PackedScene]([ExtResource("9_cdqbm"), ExtResource("10_imku0"), ExtResource("19_obt1j"), ExtResource("9_cdqbm"), ExtResource("10_imku0")])
randomize_in_editor = true

[node name="@Node3D@22234" type="Node3D" parent="Level" instance=ExtResource("7_6iypd")]
transform = Transform3D(-0.930292, 0, 0.366821, 0, 1, 0, -0.366821, 0, -0.930292, 5.78613, 0, -56.944)
script = ExtResource("8_tereu")
platform_scenes = Array[PackedScene]([ExtResource("9_cdqbm"), ExtResource("10_imku0"), ExtResource("19_obt1j"), ExtResource("9_cdqbm"), ExtResource("10_imku0")])
randomize_in_editor = true

[node name="@Node3D@22236" type="Node3D" parent="Level" instance=ExtResource("17_nu31w")]
transform = Transform3D(0.98114, 0, -0.193299, 0, 1, 0, 0.193299, 0, 0.98114, 5.85337, 0, -61.3269)
script = ExtResource("8_tereu")
platform_scenes = Array[PackedScene]([ExtResource("18_obt1j")])
randomize_in_editor = true

[node name="@Node3D@22238" type="Node3D" parent="Level" instance=ExtResource("7_6iypd")]
transform = Transform3D(0.552396, 0, -0.833582, 0, 1, 0, 0.833582, 0, 0.552396, 4.80103, 0, -67.4925)
script = ExtResource("8_tereu")
platform_scenes = Array[PackedScene]([ExtResource("9_cdqbm"), ExtResource("10_imku0"), ExtResource("19_obt1j"), ExtResource("9_cdqbm"), ExtResource("10_imku0")])
randomize_in_editor = true

[node name="@Node3D@22240" type="Node3D" parent="Level" instance=ExtResource("17_nu31w")]
transform = Transform3D(-0.693334, 0, -0.720616, 0, 1, 0, 0.720616, 0, -0.693334, 6.65637, 0, -70.2759)
script = ExtResource("8_tereu")
platform_scenes = Array[PackedScene]([ExtResource("18_obt1j")])
randomize_in_editor = true

[node name="@Node3D@22242" type="Node3D" parent="Level" instance=ExtResource("7_6iypd")]
transform = Transform3D(-0.48748, 0, -0.873134, 0, 1, 0, 0.873134, 0, -0.48748, 3.47092, 0, -76.2622)
script = ExtResource("8_tereu")
platform_scenes = Array[PackedScene]([ExtResource("9_cdqbm"), ExtResource("10_imku0"), ExtResource("19_obt1j"), ExtResource("9_cdqbm"), ExtResource("10_imku0")])
randomize_in_editor = true

[node name="@Node3D@22244" type="Node3D" parent="Level" instance=ExtResource("11_imku0")]
transform = Transform3D(0.880864, 0, -0.473369, 0, 1, 0, 0.473369, 0, 0.880864, 5.97075, 0, -80.4806)
script = ExtResource("8_tereu")
platform_scenes = Array[PackedScene]([ExtResource("12_wlxy5"), ExtResource("13_3v7ru"), ExtResource("22_2yde8")])
randomize_in_editor = true

[node name="@Node3D@22246" type="Node3D" parent="Level" instance=ExtResource("17_nu31w")]
transform = Transform3D(0.0394769, 0, 0.99922, 0, 1, 0, -0.99922, 0, 0.0394769, 9.98828, 0, -86.7946)
script = ExtResource("8_tereu")
platform_scenes = Array[PackedScene]([ExtResource("18_obt1j")])
randomize_in_editor = true

[node name="@Node3D@22248" type="Node3D" parent="Level" instance=ExtResource("11_imku0")]
transform = Transform3D(-0.689846, 0, 0.723956, 0, 1, 0, -0.723956, 0, -0.689846, 11.1373, 0, -89.7583)
script = ExtResource("8_tereu")
platform_scenes = Array[PackedScene]([ExtResource("12_wlxy5"), ExtResource("13_3v7ru"), ExtResource("22_2yde8")])
randomize_in_editor = true

[node name="@Node3D@22250" type="Node3D" parent="Level" instance=ExtResource("11_imku0")]
transform = Transform3D(0.0914335, 0, -0.995811, 0, 1, 0, 0.995811, 0, 0.0914335, 8.35024, 0, -94.4354)
script = ExtResource("8_tereu")
platform_scenes = Array[PackedScene]([ExtResource("12_wlxy5"), ExtResource("13_3v7ru"), ExtResource("22_2yde8")])
randomize_in_editor = true

[node name="@Node3D@22252" type="Node3D" parent="Level" instance=ExtResource("17_nu31w")]
transform = Transform3D(-0.633232, 0, -0.773962, 0, 1, 0, 0.773962, 0, -0.633232, 9.23284, 0, -99.4436)
script = ExtResource("8_tereu")
platform_scenes = Array[PackedScene]([ExtResource("18_obt1j")])
randomize_in_editor = true

[node name="@Node3D@22254" type="Node3D" parent="Level" instance=ExtResource("11_imku0")]
transform = Transform3D(0.358329, 0, -0.933595, 0, 1, 0, 0.933595, 0, 0.358329, 11.4021, 0, -103.98)
script = ExtResource("8_tereu")
platform_scenes = Array[PackedScene]([ExtResource("12_wlxy5"), ExtResource("13_3v7ru"), ExtResource("22_2yde8")])
randomize_in_editor = true

[node name="@Node3D@22256" type="Node3D" parent="Level" instance=ExtResource("7_6iypd")]
transform = Transform3D(0.278034, 0, 0.960571, 0, 1, 0, -0.960571, 0, 0.278034, 10.2371, 0, -109.074)
script = ExtResource("8_tereu")
platform_scenes = Array[PackedScene]([ExtResource("9_cdqbm"), ExtResource("10_imku0"), ExtResource("19_obt1j"), ExtResource("9_cdqbm"), ExtResource("10_imku0")])
randomize_in_editor = true

[node name="@Node3D@22258" type="Node3D" parent="Level" instance=ExtResource("11_imku0")]
transform = Transform3D(0.254985, 0, 0.966945, 0, 1, 0, -0.966945, 0, 0.254985, 11.2622, 0, -112.469)
script = ExtResource("8_tereu")
platform_scenes = Array[PackedScene]([ExtResource("12_wlxy5"), ExtResource("13_3v7ru"), ExtResource("22_2yde8")])
randomize_in_editor = true

[node name="@Node3D@22260" type="Node3D" parent="Level" instance=ExtResource("17_nu31w")]
transform = Transform3D(-0.472707, 0, -0.881219, 0, 1, 0, 0.881219, 0, -0.472707, 9.0409, 0, -116.054)
script = ExtResource("8_tereu")
platform_scenes = Array[PackedScene]([ExtResource("18_obt1j")])
randomize_in_editor = true

[node name="@Node3D@22262" type="Node3D" parent="Level" instance=ExtResource("11_imku0")]
transform = Transform3D(-0.174384, 0, 0.984678, 0, 1, 0, -0.984678, 0, -0.174384, 6.67223, 0, -118.637)
script = ExtResource("8_tereu")
platform_scenes = Array[PackedScene]([ExtResource("12_wlxy5"), ExtResource("13_3v7ru"), ExtResource("22_2yde8")])
randomize_in_editor = true

[node name="@Node3D@22264" type="Node3D" parent="Level" instance=ExtResource("17_nu31w")]
transform = Transform3D(-0.987679, 0, 0.156492, 0, 1, 0, -0.156492, 0, -0.987679, 4.66096, 0, -123.215)
script = ExtResource("8_tereu")
platform_scenes = Array[PackedScene]([ExtResource("18_obt1j")])
randomize_in_editor = true

[node name="@Node3D@22266" type="Node3D" parent="Level" instance=ExtResource("17_nu31w")]
transform = Transform3D(-0.863903, 0, -0.503658, 0, 1, 0, 0.503658, 0, -0.863903, 4.03849, 0, -125.738)
script = ExtResource("8_tereu")
platform_scenes = Array[PackedScene]([ExtResource("18_obt1j")])
randomize_in_editor = true

[node name="@Node3D@22268" type="Node3D" parent="Level" instance=ExtResource("7_6iypd")]
transform = Transform3D(-0.587611, 0, 0.809143, 0, 1, 0, -0.809143, 0, -0.587611, 9.71741, 0, -122.87)
script = ExtResource("8_tereu")
platform_scenes = Array[PackedScene]([ExtResource("9_cdqbm"), ExtResource("10_imku0"), ExtResource("19_obt1j"), ExtResource("9_cdqbm"), ExtResource("10_imku0")])
randomize_in_editor = true

[node name="@Node3D@22270" type="Node3D" parent="Level" instance=ExtResource("11_imku0")]
transform = Transform3D(0.842318, 0, -0.538982, 0, 1, 0, 0.538982, 0, 0.842318, 10.3268, 0, -126.841)
script = ExtResource("8_tereu")
platform_scenes = Array[PackedScene]([ExtResource("12_wlxy5"), ExtResource("13_3v7ru"), ExtResource("22_2yde8")])
randomize_in_editor = true

[node name="@Node3D@22272" type="Node3D" parent="Level" instance=ExtResource("7_6iypd")]
transform = Transform3D(-0.778709, 0, 0.627385, 0, 1, 0, -0.627385, 0, -0.778709, 6.07201, 0, -83.8007)
script = ExtResource("8_tereu")
platform_scenes = Array[PackedScene]([ExtResource("9_cdqbm"), ExtResource("10_imku0"), ExtResource("19_obt1j"), ExtResource("9_cdqbm"), ExtResource("10_imku0")])
randomize_in_editor = true

[node name="@Node3D@22274" type="Node3D" parent="Level" instance=ExtResource("11_imku0")]
transform = Transform3D(-0.930878, 0, -0.36533, 0, 1, 0, 0.36533, 0, -0.930878, 5.31768, 0, -86.7539)
script = ExtResource("8_tereu")
platform_scenes = Array[PackedScene]([ExtResource("12_wlxy5"), ExtResource("13_3v7ru"), ExtResource("22_2yde8")])
randomize_in_editor = true

[node name="@Node3D@22276" type="Node3D" parent="Level" instance=ExtResource("7_6iypd")]
transform = Transform3D(0.459783, 0, -0.888031, 0, 1, 0, 0.888031, 0, 0.459783, 2.00801, 0, -91.9296)
script = ExtResource("8_tereu")
platform_scenes = Array[PackedScene]([ExtResource("9_cdqbm"), ExtResource("10_imku0"), ExtResource("19_obt1j"), ExtResource("9_cdqbm"), ExtResource("10_imku0")])
randomize_in_editor = true

[node name="@Node3D@22278" type="Node3D" parent="Level" instance=ExtResource("11_imku0")]
transform = Transform3D(-0.588084, 0, -0.8088, 0, 1, 0, 0.8088, 0, -0.588084, 1.19581, 0, -95.4191)
script = ExtResource("8_tereu")
platform_scenes = Array[PackedScene]([ExtResource("12_wlxy5"), ExtResource("13_3v7ru"), ExtResource("22_2yde8")])
randomize_in_editor = true

[node name="@Node3D@22280" type="Node3D" parent="Level" instance=ExtResource("17_nu31w")]
transform = Transform3D(0.367746, 0, 0.929926, 0, 1, 0, -0.929926, 0, 0.367746, -1.72128, 0, -98.5092)
script = ExtResource("8_tereu")
platform_scenes = Array[PackedScene]([ExtResource("18_obt1j")])
randomize_in_editor = true

[node name="@Node3D@22282" type="Node3D" parent="Level" instance=ExtResource("7_6iypd")]
transform = Transform3D(0.994621, 0, -0.103581, 0, 1, 0, 0.103581, 0, 0.994621, -1.21096, 0, -104.417)
script = ExtResource("8_tereu")
platform_scenes = Array[PackedScene]([ExtResource("9_cdqbm"), ExtResource("10_imku0"), ExtResource("19_obt1j"), ExtResource("9_cdqbm"), ExtResource("10_imku0")])
randomize_in_editor = true

[node name="@Node3D@22284" type="Node3D" parent="Level" instance=ExtResource("7_6iypd")]
transform = Transform3D(-0.575331, 0, -0.817921, 0, 1, 0, 0.817921, 0, -0.575331, 3.2409, 0, -110.042)
script = ExtResource("8_tereu")
platform_scenes = Array[PackedScene]([ExtResource("9_cdqbm"), ExtResource("10_imku0"), ExtResource("19_obt1j"), ExtResource("9_cdqbm"), ExtResource("10_imku0")])
randomize_in_editor = true

[node name="@Node3D@22286" type="Node3D" parent="Level" instance=ExtResource("7_6iypd")]
transform = Transform3D(-0.916496, 0, -0.400043, 0, 1, 0, 0.400043, 0, -0.916496, 2.68472, 0, -113.741)
script = ExtResource("8_tereu")
platform_scenes = Array[PackedScene]([ExtResource("9_cdqbm"), ExtResource("10_imku0"), ExtResource("19_obt1j"), ExtResource("9_cdqbm"), ExtResource("10_imku0")])
randomize_in_editor = true

[node name="@Node3D@22288" type="Node3D" parent="Level" instance=ExtResource("7_6iypd")]
transform = Transform3D(-0.609474, 0, -0.792806, 0, 1, 0, 0.792806, 0, -0.609474, 0.782151, 0, -119.935)
script = ExtResource("8_tereu")
platform_scenes = Array[PackedScene]([ExtResource("9_cdqbm"), ExtResource("10_imku0"), ExtResource("19_obt1j"), ExtResource("9_cdqbm"), ExtResource("10_imku0")])
randomize_in_editor = true

[node name="@Node3D@22290" type="Node3D" parent="Level" instance=ExtResource("11_imku0")]
transform = Transform3D(-0.502051, 0, 0.864838, 0, 1, 0, -0.864838, 0, -0.502051, -1.27799, 0, -123.644)
script = ExtResource("8_tereu")
platform_scenes = Array[PackedScene]([ExtResource("12_wlxy5"), ExtResource("13_3v7ru"), ExtResource("22_2yde8")])
randomize_in_editor = true

[node name="@Node3D@22292" type="Node3D" parent="Level" instance=ExtResource("7_6iypd")]
transform = Transform3D(-0.944964, 0, -0.327173, 0, 1, 0, 0.327173, 0, -0.944964, 1.60397, 0, -116.886)
script = ExtResource("8_tereu")
platform_scenes = Array[PackedScene]([ExtResource("9_cdqbm"), ExtResource("10_imku0"), ExtResource("19_obt1j"), ExtResource("9_cdqbm"), ExtResource("10_imku0")])
randomize_in_editor = true

[node name="@Node3D@22294" type="Node3D" parent="Level" instance=ExtResource("11_imku0")]
transform = Transform3D(-0.318171, 0, 0.948033, 0, 1, 0, -0.948033, 0, -0.318171, -0.323598, 0, -110.257)
script = ExtResource("8_tereu")
platform_scenes = Array[PackedScene]([ExtResource("12_wlxy5"), ExtResource("13_3v7ru"), ExtResource("22_2yde8")])
randomize_in_editor = true

[node name="@Node3D@22296" type="Node3D" parent="Level" instance=ExtResource("7_6iypd")]
transform = Transform3D(-0.924072, 0, 0.382217, 0, 1, 0, -0.382217, 0, -0.924072, -1.43691, 0, -117.104)
script = ExtResource("8_tereu")
platform_scenes = Array[PackedScene]([ExtResource("9_cdqbm"), ExtResource("10_imku0"), ExtResource("19_obt1j"), ExtResource("9_cdqbm"), ExtResource("10_imku0")])
randomize_in_editor = true

[node name="@Node3D@22298" type="Node3D" parent="Level" instance=ExtResource("7_6iypd")]
transform = Transform3D(-0.99828, 0, -0.0586312, 0, 1, 0, 0.0586312, 0, -0.99828, 1.89251, 0, -122.854)
script = ExtResource("8_tereu")
platform_scenes = Array[PackedScene]([ExtResource("9_cdqbm"), ExtResource("10_imku0"), ExtResource("19_obt1j"), ExtResource("9_cdqbm"), ExtResource("10_imku0")])
randomize_in_editor = true

[node name="@Node3D@22300" type="Node3D" parent="Level" instance=ExtResource("17_nu31w")]
transform = Transform3D(0.731783, 0, 0.681538, 0, 1, 0, -0.681538, 0, 0.731783, -0.618321, 0, -127.789)
script = ExtResource("8_tereu")
platform_scenes = Array[PackedScene]([ExtResource("18_obt1j")])
randomize_in_editor = true

[node name="@Node3D@22302" type="Node3D" parent="Level" instance=ExtResource("11_imku0")]
transform = Transform3D(-0.136439, 0, 0.990649, 0, 1, 0, -0.990649, 0, -0.136439, -2.53263, 0, -113.091)
script = ExtResource("8_tereu")
platform_scenes = Array[PackedScene]([ExtResource("12_wlxy5"), ExtResource("13_3v7ru"), ExtResource("22_2yde8")])
randomize_in_editor = true

[node name="@Node3D@22304" type="Node3D" parent="Level" instance=ExtResource("17_nu31w")]
transform = Transform3D(0.0664284, 0, -0.997791, 0, 1, 0, 0.997791, 0, 0.0664284, -0.0205073, 0, -81.3775)
script = ExtResource("8_tereu")
platform_scenes = Array[PackedScene]([ExtResource("18_obt1j")])
randomize_in_editor = true

[node name="@Node3D@22306" type="Node3D" parent="Level" instance=ExtResource("17_nu31w")]
transform = Transform3D(-0.841254, 0, -0.540641, 0, 1, 0, 0.540641, 0, -0.841254, -1.60173, 0, -88.6808)
script = ExtResource("8_tereu")
platform_scenes = Array[PackedScene]([ExtResource("18_obt1j")])
randomize_in_editor = true

[node name="@Node3D@22308" type="Node3D" parent="Level" instance=ExtResource("17_nu31w")]
transform = Transform3D(-0.980744, 0, 0.195297, 0, 1, 0, -0.195297, 0, -0.980744, -1.485, 0, -94.9567)
script = ExtResource("8_tereu")
platform_scenes = Array[PackedScene]([ExtResource("18_obt1j")])
randomize_in_editor = true

[node name="@Node3D@22310" type="Node3D" parent="Level" instance=ExtResource("11_imku0")]
transform = Transform3D(0.992724, 0, -0.120413, 0, 1, 0, 0.120413, 0, 0.992724, 0.538231, 0, -85.5545)
script = ExtResource("8_tereu")
platform_scenes = Array[PackedScene]([ExtResource("12_wlxy5"), ExtResource("13_3v7ru"), ExtResource("22_2yde8")])
randomize_in_editor = true

[node name="@Node3D@22312" type="Node3D" parent="Level" instance=ExtResource("11_imku0")]
transform = Transform3D(-0.264833, 0, 0.964294, 0, 1, 0, -0.964294, 0, -0.264833, 4.31935, 0, -90.5383)
script = ExtResource("8_tereu")
platform_scenes = Array[PackedScene]([ExtResource("12_wlxy5"), ExtResource("13_3v7ru"), ExtResource("22_2yde8")])
randomize_in_editor = true

[node name="@Node3D@22314" type="Node3D" parent="Level" instance=ExtResource("17_nu31w")]
transform = Transform3D(-0.813262, 0, -0.581898, 0, 1, 0, 0.581898, 0, -0.813262, 6.36465, 0, -73.0665)
script = ExtResource("8_tereu")
platform_scenes = Array[PackedScene]([ExtResource("18_obt1j")])
randomize_in_editor = true

[node name="@Node3D@22316" type="Node3D" parent="Level" instance=ExtResource("17_nu31w")]
transform = Transform3D(-0.362591, 0, -0.931948, 0, 1, 0, 0.931948, 0, -0.362591, 7.60379, 0, -76.6298)
script = ExtResource("8_tereu")
platform_scenes = Array[PackedScene]([ExtResource("18_obt1j")])
randomize_in_editor = true

[node name="@Node3D@22318" type="Node3D" parent="Level" instance=ExtResource("17_nu31w")]
transform = Transform3D(-0.641275, 0, 0.767311, 0, 1, 0, -0.767311, 0, -0.641275, 10.6894, 0, -80.7522)
script = ExtResource("8_tereu")
platform_scenes = Array[PackedScene]([ExtResource("18_obt1j")])
randomize_in_editor = true

[node name="@Node3D@22320" type="Node3D" parent="Level" instance=ExtResource("11_imku0")]
transform = Transform3D(0.655614, 0, -0.755097, 0, 1, 0, 0.755097, 0, 0.655614, 10.2792, 0, -84.0464)
script = ExtResource("8_tereu")
platform_scenes = Array[PackedScene]([ExtResource("12_wlxy5"), ExtResource("13_3v7ru"), ExtResource("22_2yde8")])
randomize_in_editor = true

[node name="@Node3D@22322" type="Node3D" parent="Level" instance=ExtResource("11_imku0")]
transform = Transform3D(-0.284483, 0, 0.958681, 0, 1, 0, -0.958681, 0, -0.284483, 7.41144, 0, -43.8668)
script = ExtResource("8_tereu")
platform_scenes = Array[PackedScene]([ExtResource("12_wlxy5"), ExtResource("13_3v7ru"), ExtResource("22_2yde8")])
randomize_in_editor = true

[node name="@Node3D@22324" type="Node3D" parent="Level" instance=ExtResource("11_imku0")]
transform = Transform3D(0.942145, 0, -0.335205, 0, 1, 0, 0.335205, 0, 0.942145, 8.1142, 0, -48.9401)
script = ExtResource("8_tereu")
platform_scenes = Array[PackedScene]([ExtResource("12_wlxy5"), ExtResource("13_3v7ru"), ExtResource("22_2yde8")])
randomize_in_editor = true

[node name="@Node3D@22326" type="Node3D" parent="Level" instance=ExtResource("7_6iypd")]
transform = Transform3D(-0.999944, 0, 0.0105953, 0, 1, 0, -0.0105953, 0, -0.999944, 11.4649, 0, -53.2626)
script = ExtResource("8_tereu")
platform_scenes = Array[PackedScene]([ExtResource("9_cdqbm"), ExtResource("10_imku0"), ExtResource("19_obt1j"), ExtResource("9_cdqbm"), ExtResource("10_imku0")])
randomize_in_editor = true

[node name="@Node3D@22328" type="Node3D" parent="Level" instance=ExtResource("17_nu31w")]
transform = Transform3D(0.564368, 0, 0.825524, 0, 1, 0, -0.825524, 0, 0.564368, 8.30555, 0, -57.8945)
script = ExtResource("8_tereu")
platform_scenes = Array[PackedScene]([ExtResource("18_obt1j")])
randomize_in_editor = true

[node name="@Node3D@22330" type="Node3D" parent="Level" instance=ExtResource("11_imku0")]
transform = Transform3D(-0.58722, 0, -0.809428, 0, 1, 0, 0.809428, 0, -0.58722, 9.9806, 0, -63.9767)
script = ExtResource("8_tereu")
platform_scenes = Array[PackedScene]([ExtResource("12_wlxy5"), ExtResource("13_3v7ru"), ExtResource("22_2yde8")])
randomize_in_editor = true

[node name="@Node3D@22332" type="Node3D" parent="Level" instance=ExtResource("17_nu31w")]
transform = Transform3D(0.417129, 0, 0.908847, 0, 1, 0, -0.908847, 0, 0.417129, 9.91769, 0, -68.2977)
script = ExtResource("8_tereu")
platform_scenes = Array[PackedScene]([ExtResource("18_obt1j")])
randomize_in_editor = true

[node name="@Node3D@22334" type="Node3D" parent="Level" instance=ExtResource("11_imku0")]
transform = Transform3D(0.998582, 0, -0.053235, 0, 1, 0, 0.053235, 0, 0.998582, 4.62821, 0, -41.3104)
script = ExtResource("8_tereu")
platform_scenes = Array[PackedScene]([ExtResource("12_wlxy5"), ExtResource("13_3v7ru"), ExtResource("22_2yde8")])
randomize_in_editor = true

[node name="@Node3D@22336" type="Node3D" parent="Level" instance=ExtResource("17_nu31w")]
transform = Transform3D(0.99908, 0, -0.042881, 0, 1, 0, 0.042881, 0, 0.99908, 3.69279, 0, -46.4081)
script = ExtResource("8_tereu")
platform_scenes = Array[PackedScene]([ExtResource("18_obt1j")])
randomize_in_editor = true

[node name="@Node3D@22338" type="Node3D" parent="Level" instance=ExtResource("7_6iypd")]
transform = Transform3D(0.805823, 0, 0.592156, 0, 1, 0, -0.592156, 0, 0.805823, 2.97192, 0, -52.5588)
script = ExtResource("8_tereu")
platform_scenes = Array[PackedScene]([ExtResource("9_cdqbm"), ExtResource("10_imku0"), ExtResource("19_obt1j"), ExtResource("9_cdqbm"), ExtResource("10_imku0")])
randomize_in_editor = true

[node name="@Node3D@22340" type="Node3D" parent="Level" instance=ExtResource("17_nu31w")]
transform = Transform3D(0.0807834, 0, 0.996732, 0, 1, 0, -0.996732, 0, 0.0807834, -0.306541, 0, -55.8856)
script = ExtResource("8_tereu")
platform_scenes = Array[PackedScene]([ExtResource("18_obt1j")])
randomize_in_editor = true

[node name="@Node3D@22342" type="Node3D" parent="Level" instance=ExtResource("11_imku0")]
transform = Transform3D(-0.631202, 0, 0.775619, 0, 1, 0, -0.775619, 0, -0.631202, -3.1172, 0, -58.9093)
script = ExtResource("8_tereu")
platform_scenes = Array[PackedScene]([ExtResource("12_wlxy5"), ExtResource("13_3v7ru"), ExtResource("22_2yde8")])
randomize_in_editor = true

[node name="@Node3D@22344" type="Node3D" parent="Level" instance=ExtResource("7_6iypd")]
transform = Transform3D(0.867256, 0, -0.497862, 0, 1, 0, 0.497862, 0, 0.867256, -2.32882, 0, -62.8811)
script = ExtResource("8_tereu")
platform_scenes = Array[PackedScene]([ExtResource("9_cdqbm"), ExtResource("10_imku0"), ExtResource("19_obt1j"), ExtResource("9_cdqbm"), ExtResource("10_imku0")])
randomize_in_editor = true

[node name="@Node3D@22346" type="Node3D" parent="Level" instance=ExtResource("11_imku0")]
