[gd_scene load_steps=40 format=3 uid="uid://3f7k8dolqfhh"]

[ext_resource type="PackedScene" uid="uid://g4tbrr3sfui2" path="res://player.tscn" id="1_a202f"]
[ext_resource type="Script" uid="uid://b85s3xfg6xv8i" path="res://game_manager.gd" id="1_tereu"]
[ext_resource type="FontFile" uid="uid://decj3qo5pg26d" path="res://kirifont/KiriFont.otf" id="2_cdqbm"]
[ext_resource type="LabelSettings" uid="uid://b32jxxg8k3j45" path="res://custom.tres" id="2_tereu"]
[ext_resource type="LabelSettings" uid="uid://c2fbmgdggtmr8" path="res://leaderboard.tres" id="4_imku0"]
[ext_resource type="PackedScene" uid="uid://o6nh6fno5b0d" path="res://level/level.tscn" id="6_i5arm"]
[ext_resource type="PackedScene" uid="uid://berc3ktdu00jq" path="res://water_grid.tscn" id="6_jsk3o"]
[ext_resource type="PackedScene" uid="uid://cloxm7yrf3dau" path="res://player4.tscn" id="6_vxd74"]
[ext_resource type="PackedScene" uid="uid://6kx5nm2ecru" path="res://items/generators/items.tscn" id="6_wc5p8"]
[ext_resource type="PackedScene" uid="uid://bgowpuve5rom4" path="res://level/1x1/1x1.tscn" id="7_6iypd"]
[ext_resource type="PackedScene" uid="uid://cwjt7a54ooioq" path="res://player3.tscn" id="7_dhlwf"]
[ext_resource type="PackedScene" uid="uid://oa4gk1w85htb" path="res://kill_zone.tscn" id="7_wc5p8"]
[ext_resource type="PackedScene" uid="uid://685x3hhuvr5l" path="res://player2.tscn" id="8_5t8nk"]
[ext_resource type="Script" uid="uid://4ohwjxvwlf14" path="res://scripts/random_platform.gd" id="8_tereu"]
[ext_resource type="PackedScene" uid="uid://bau54xbcyquty" path="res://goal.tscn" id="9_4arys"]
[ext_resource type="PackedScene" uid="uid://evotmterwgic" path="res://level/1x1/0.tscn" id="9_cdqbm"]
[ext_resource type="PackedScene" uid="uid://bq3jgcl0fepk2" path="res://level/1x1/1.tscn" id="10_imku0"]
[ext_resource type="PackedScene" uid="uid://bct2vsr7ymxi4" path="res://level/2x2/2x2.tscn" id="11_imku0"]
[ext_resource type="PackedScene" uid="uid://l2l3mvvrqhsu" path="res://level/2x2/0.tscn" id="12_wlxy5"]
[ext_resource type="PackedScene" uid="uid://da3dp6rlapf65" path="res://level/2x2/1.tscn" id="13_3v7ru"]
[ext_resource type="PackedScene" uid="uid://ck51bdne8ldwv" path="res://island.tscn" id="14_wlxy5"]
[ext_resource type="PackedScene" uid="uid://bpulflnw0vw5l" path="res://level/2x1/2x1.tscn" id="17_nu31w"]
[ext_resource type="PackedScene" uid="uid://dviuybxhwu1ho" path="res://level/2x1/0.tscn" id="18_obt1j"]
[ext_resource type="PackedScene" uid="uid://gof5kolddo3a" path="res://level/1x1/2.tscn" id="19_obt1j"]
[ext_resource type="PackedScene" uid="uid://bsmlem37lo4th" path="res://level/2x2/2.tscn" id="22_2yde8"]
[ext_resource type="Script" path="res://extra_kill_zone.gd" id="23_nu31w"]
[ext_resource type="PackedScene" uid="uid://csmc4dfieimjx" path="res://meshes/Startplatform/Startingplatform.tscn" id="24_dhlwf"]
[ext_resource type="PackedScene" uid="uid://b5bxwo0db64jg" path="res://meshes/Chest/chest.glb" id="24_nu31w"]

[sub_resource type="LabelSettings" id="LabelSettings_cdqbm"]
font = ExtResource("2_cdqbm")
font_size = 300
outline_size = 40
outline_color = Color(0, 0, 0, 1)

[sub_resource type="StyleBoxFlat" id="StyleBoxFlat_cdqbm"]
bg_color = Color(7.52043e-08, 0.0590926, 0.150703, 0.411765)

[sub_resource type="ProceduralSkyMaterial" id="ProceduralSkyMaterial_noarx"]

[sub_resource type="Sky" id="Sky_noarx"]
sky_material = SubResource("ProceduralSkyMaterial_noarx")

[sub_resource type="Environment" id="Environment_a0tk4"]
background_mode = 2
background_energy_multiplier = 2.5
sky = SubResource("Sky_noarx")

[sub_resource type="CameraAttributesPractical" id="CameraAttributesPractical_noarx"]

[sub_resource type="ViewportTexture" id="ViewportTexture_nu31w"]
viewport_path = NodePath("GridContainer/SubViewportContainer/SubViewport")

[sub_resource type="ViewportTexture" id="ViewportTexture_obt1j"]
viewport_path = NodePath("GridContainer/SubViewportContainer2/SubViewport")

[sub_resource type="ViewportTexture" id="ViewportTexture_2yde8"]
viewport_path = NodePath("GridContainer/SubViewportContainer3/SubViewport")

[sub_resource type="ViewportTexture" id="ViewportTexture_id0nj"]
viewport_path = NodePath("GridContainer/SubViewportContainer4/SubViewport")

[sub_resource type="BoxShape3D" id="BoxShape3D_aceia"]
size = Vector3(125.445, 14.3992, 742.51)

[node name="Game" type="Node3D"]

[node name="GameManager" type="Node" parent="."]
script = ExtResource("1_tereu")

[node name="CanvasLayer" type="CanvasLayer" parent="GameManager"]
layer = 100

[node name="SharedLabel" type="Label" parent="GameManager/CanvasLayer"]
custom_minimum_size = Vector2(400, 400)
anchors_preset = 8
anchor_left = 0.5
anchor_top = 0.5
anchor_right = 0.5
anchor_bottom = 0.5
offset_left = -960.0
offset_top = -540.0
offset_right = 960.0
offset_bottom = 540.0
grow_horizontal = 2
grow_vertical = 2
pivot_offset = Vector2(960, 540)
size_flags_vertical = 1
theme_override_font_sizes/font_size = 50
label_settings = ExtResource("2_tereu")
horizontal_alignment = 1
vertical_alignment = 1
autowrap_mode = 2
metadata/_edit_use_anchors_ = true

[node name="SharedLabel2" type="Label" parent="GameManager/CanvasLayer"]
custom_minimum_size = Vector2(2000, 1200)
anchors_preset = 8
anchor_left = 0.5
anchor_top = 0.5
anchor_right = 0.5
anchor_bottom = 0.5
offset_left = -1000.0
offset_top = -600.0
offset_right = 1000.0
offset_bottom = 600.0
grow_horizontal = 2
grow_vertical = 2
size_flags_vertical = 1
text = " "
label_settings = SubResource("LabelSettings_cdqbm")
horizontal_alignment = 1
vertical_alignment = 1
autowrap_mode = 2
metadata/_edit_use_anchors_ = true

[node name="opacity" type="Panel" parent="GameManager/CanvasLayer"]
visible = false
anchors_preset = 15
anchor_right = 1.0
anchor_bottom = 1.0
grow_horizontal = 2
grow_vertical = 2
size_flags_horizontal = 4
size_flags_vertical = 4
theme_override_styles/panel = SubResource("StyleBoxFlat_cdqbm")

[node name="Leaderboard" type="Panel" parent="GameManager/CanvasLayer/opacity"]
custom_minimum_size = Vector2(500, 500)
layout_mode = 1
anchors_preset = 8
anchor_left = 0.5
anchor_top = 0.5
anchor_right = 0.5
anchor_bottom = 0.5
offset_left = -250.0
offset_top = -250.0
offset_right = 250.0
offset_bottom = 250.0
grow_horizontal = 2
grow_vertical = 2

[node name="VBoxContainer" type="VBoxContainer" parent="GameManager/CanvasLayer/opacity/Leaderboard"]
layout_mode = 1
anchors_preset = 15
anchor_right = 1.0
anchor_bottom = 1.0
grow_horizontal = 2
grow_vertical = 2
theme_override_constants/separation = 20

[node name="Score1st" type="Label" parent="GameManager/CanvasLayer/opacity/Leaderboard/VBoxContainer"]
custom_minimum_size = Vector2(100, 100)
layout_mode = 2
size_flags_vertical = 3
label_settings = ExtResource("4_imku0")
horizontal_alignment = 1
vertical_alignment = 1
autowrap_mode = 2

[node name="Score2nd" type="Label" parent="GameManager/CanvasLayer/opacity/Leaderboard/VBoxContainer"]
custom_minimum_size = Vector2(100, 100)
layout_mode = 2
size_flags_vertical = 3
label_settings = ExtResource("4_imku0")
horizontal_alignment = 1
vertical_alignment = 1
autowrap_mode = 2

[node name="Score3rd" type="Label" parent="GameManager/CanvasLayer/opacity/Leaderboard/VBoxContainer"]
custom_minimum_size = Vector2(100, 100)
layout_mode = 2
size_flags_vertical = 3
label_settings = ExtResource("4_imku0")
horizontal_alignment = 1
vertical_alignment = 1
autowrap_mode = 2

[node name="Score4th" type="Label" parent="GameManager/CanvasLayer/opacity/Leaderboard/VBoxContainer"]
custom_minimum_size = Vector2(100, 100)
layout_mode = 2
size_flags_vertical = 3
label_settings = ExtResource("4_imku0")
horizontal_alignment = 1
vertical_alignment = 1
autowrap_mode = 2

[node name="Leaderboard2" type="Panel" parent="GameManager/CanvasLayer/opacity"]
visible = false
custom_minimum_size = Vector2(1000, 150)
layout_mode = 1
anchors_preset = 8
anchor_left = 0.5
anchor_top = 0.5
anchor_right = 0.5
anchor_bottom = 0.5
offset_left = -500.0
offset_top = 140.0
offset_right = 500.0
offset_bottom = 290.0
grow_horizontal = 2
grow_vertical = 2

[node name="MarginContainer" type="MarginContainer" parent="GameManager/CanvasLayer/opacity/Leaderboard2"]
layout_mode = 1
anchors_preset = 15
anchor_right = 1.0
anchor_bottom = 1.0
grow_horizontal = 2
grow_vertical = 2
theme_override_constants/margin_left = 30
theme_override_constants/margin_top = 30
theme_override_constants/margin_right = 30
theme_override_constants/margin_bottom = 30

[node name="HBoxContainer" type="HBoxContainer" parent="GameManager/CanvasLayer/opacity/Leaderboard2/MarginContainer"]
custom_minimum_size = Vector2(1000, 0)
layout_mode = 2
theme_override_constants/separation = 100

[node name="Options" type="Button" parent="GameManager/CanvasLayer/opacity/Leaderboard2/MarginContainer/HBoxContainer"]
layout_mode = 2
size_flags_horizontal = 3
size_flags_vertical = 3
theme_override_fonts/font = ExtResource("2_cdqbm")
theme_override_font_sizes/font_size = 50
text = "Options"

[node name="StartGame" type="Button" parent="GameManager/CanvasLayer/opacity/Leaderboard2/MarginContainer/HBoxContainer"]
layout_mode = 2
size_flags_horizontal = 3
size_flags_vertical = 3
theme_override_fonts/font = ExtResource("2_cdqbm")
theme_override_font_sizes/font_size = 50
text = "Restart"

[node name="Quit" type="Button" parent="GameManager/CanvasLayer/opacity/Leaderboard2/MarginContainer/HBoxContainer"]
layout_mode = 2
size_flags_horizontal = 3
size_flags_vertical = 3
theme_override_fonts/font = ExtResource("2_cdqbm")
theme_override_font_sizes/font_size = 50
text = "quit"

[node name="DirectionalLight3D" type="DirectionalLight3D" parent="."]
transform = Transform3D(-0.534213, -0.815404, -0.223011, -0.284691, -0.0748638, 0.955692, -0.79597, 0.574032, -0.192145, -4.2404, 11.0469, -3.46405)
shadow_enabled = true

[node name="WorldEnvironment" type="WorldEnvironment" parent="."]
environment = SubResource("Environment_a0tk4")
camera_attributes = SubResource("CameraAttributesPractical_noarx")

[node name="GridContainer" type="GridContainer" parent="."]
anchors_preset = 15
anchor_right = 1.0
anchor_bottom = 1.0
grow_horizontal = 2
grow_vertical = 2
columns = 2

[node name="SubViewportContainer" type="SubViewportContainer" parent="GridContainer"]
layout_mode = 2
size_flags_horizontal = 3
size_flags_vertical = 3
stretch = true

[node name="ShaderTexture" type="TextureRect" parent="GridContainer/SubViewportContainer"]
visible = false
layout_mode = 2
texture = SubResource("ViewportTexture_nu31w")

[node name="SubViewport" type="SubViewport" parent="GridContainer/SubViewportContainer"]
handle_input_locally = false
size = Vector2i(958, 538)
render_target_update_mode = 4

[node name="Player" parent="GridContainer/SubViewportContainer/SubViewport" instance=ExtResource("1_a202f")]
transform = Transform3D(1, 0, 0, 0, 1, 0, 0, 0, 1, 0, 10, 0)
axis_lock_angular_y = true

[node name="IconTexture" type="TextureRect" parent="GridContainer/SubViewportContainer/SubViewport/Player"]
offset_right = 150.0
offset_bottom = 150.0
expand_mode = 1

[node name="PointsLabel" type="Label" parent="GridContainer/SubViewportContainer/SubViewport/Player"]
custom_minimum_size = Vector2(300, 0)
anchors_preset = 2
anchor_top = 1.0
anchor_bottom = 1.0
offset_top = -23.0
offset_right = 79.0
grow_vertical = 0
horizontal_alignment = 2

[node name="MarginContainer" type="MarginContainer" parent="GridContainer/SubViewportContainer/SubViewport/Player"]
visible = false
offset_left = 20.0
offset_top = 20.0
offset_right = 60.0
offset_bottom = 61.0

[node name="CurrItemLabel" type="Label" parent="GridContainer/SubViewportContainer/SubViewport/Player/MarginContainer"]
layout_mode = 2

[node name="SubViewportContainer2" type="SubViewportContainer" parent="GridContainer"]
layout_mode = 2
size_flags_horizontal = 3
size_flags_vertical = 3
stretch = true

[node name="ShaderTexture" type="TextureRect" parent="GridContainer/SubViewportContainer2"]
visible = false
layout_mode = 2
texture = SubResource("ViewportTexture_obt1j")

[node name="SubViewport" type="SubViewport" parent="GridContainer/SubViewportContainer2"]
handle_input_locally = false
size = Vector2i(958, 538)
render_target_update_mode = 4

[node name="Player2" parent="GridContainer/SubViewportContainer2/SubViewport" instance=ExtResource("8_5t8nk")]
transform = Transform3D(1, 0, 0, 0, 1, 0, 0, 0, 1, 2.5, 10, 0)

[node name="PointsLabel" type="Label" parent="GridContainer/SubViewportContainer2/SubViewport/Player2"]
custom_minimum_size = Vector2(320, 0)
anchors_preset = 3
anchor_left = 1.0
anchor_top = 1.0
anchor_right = 1.0
anchor_bottom = 1.0
offset_left = -79.0
offset_top = -41.0
grow_horizontal = 0
grow_vertical = 0

[node name="MarginContainer" type="MarginContainer" parent="GridContainer/SubViewportContainer2/SubViewport/Player2"]
visible = false
anchors_preset = 1
anchor_left = 1.0
anchor_right = 1.0
offset_left = -40.0
offset_bottom = 41.0
grow_horizontal = 0

[node name="CurrItemLabel" type="Label" parent="GridContainer/SubViewportContainer2/SubViewport/Player2/MarginContainer"]
layout_mode = 2

[node name="IconTexture" type="TextureRect" parent="GridContainer/SubViewportContainer2/SubViewport/Player2"]
anchors_preset = 1
anchor_left = 1.0
anchor_right = 1.0
offset_left = -150.0
offset_bottom = 150.0
grow_horizontal = 0
expand_mode = 1

[node name="SubViewportContainer3" type="SubViewportContainer" parent="GridContainer"]
layout_mode = 2
size_flags_horizontal = 3
size_flags_vertical = 3
stretch = true

[node name="ShaderTexture" type="TextureRect" parent="GridContainer/SubViewportContainer3"]
visible = false
layout_mode = 2
texture = SubResource("ViewportTexture_2yde8")

[node name="SubViewport" type="SubViewport" parent="GridContainer/SubViewportContainer3"]
handle_input_locally = false
size = Vector2i(958, 538)
render_target_update_mode = 4

[node name="Player3" parent="GridContainer/SubViewportContainer3/SubViewport" instance=ExtResource("7_dhlwf")]
transform = Transform3D(1, 0, 0, 0, 1, 0, 0, 0, 1, 5, 10, 0)

[node name="IconTexture" type="TextureRect" parent="GridContainer/SubViewportContainer3/SubViewport/Player3"]
anchors_preset = 2
anchor_top = 1.0
anchor_bottom = 1.0
offset_top = -150.0
offset_right = 150.0
grow_vertical = 0
expand_mode = 1

[node name="PointsLabel" type="Label" parent="GridContainer/SubViewportContainer3/SubViewport/Player3"]
custom_minimum_size = Vector2(300, 0)
anchors_preset = 2
anchor_top = 1.0
anchor_bottom = 1.0
offset_top = -41.0
offset_right = 79.0
grow_vertical = 0
horizontal_alignment = 2

[node name="MarginContainer" type="MarginContainer" parent="GridContainer/SubViewportContainer3/SubViewport/Player3"]
visible = false
anchors_preset = 2
anchor_top = 1.0
anchor_bottom = 1.0
offset_top = -41.0
offset_right = 40.0
grow_vertical = 0

[node name="CurrItemLabel" type="Label" parent="GridContainer/SubViewportContainer3/SubViewport/Player3/MarginContainer"]
layout_mode = 2

[node name="SubViewportContainer4" type="SubViewportContainer" parent="GridContainer"]
layout_mode = 2
size_flags_horizontal = 3
size_flags_vertical = 3
stretch = true

[node name="ShaderTexture" type="TextureRect" parent="GridContainer/SubViewportContainer4"]
visible = false
layout_mode = 2
texture = SubResource("ViewportTexture_id0nj")

[node name="SubViewport" type="SubViewport" parent="GridContainer/SubViewportContainer4"]
handle_input_locally = false
size = Vector2i(958, 538)
render_target_update_mode = 4

[node name="Player4" parent="GridContainer/SubViewportContainer4/SubViewport" instance=ExtResource("6_vxd74")]
transform = Transform3D(1, 0, 0, 0, 1, 0, 0, 0, 1, 7.5, 10, 0)

[node name="IconTexture" type="TextureRect" parent="GridContainer/SubViewportContainer4/SubViewport/Player4"]
anchors_preset = 3
anchor_left = 1.0
anchor_top = 1.0
anchor_right = 1.0
anchor_bottom = 1.0
offset_left = -150.0
offset_top = -150.0
grow_horizontal = 0
grow_vertical = 0
expand_mode = 1

[node name="PointsLabel" type="Label" parent="GridContainer/SubViewportContainer4/SubViewport/Player4"]
custom_minimum_size = Vector2(320, 0)
anchors_preset = 3
anchor_left = 1.0
anchor_top = 1.0
anchor_right = 1.0
anchor_bottom = 1.0
offset_left = -79.0
offset_top = -41.0
grow_horizontal = 0
grow_vertical = 0

[node name="MarginContainer" type="MarginContainer" parent="GridContainer/SubViewportContainer4/SubViewport/Player4"]
visible = false
anchors_preset = 3
anchor_left = 1.0
anchor_top = 1.0
anchor_right = 1.0
anchor_bottom = 1.0
offset_left = -40.0
offset_top = -41.0
grow_horizontal = 0
grow_vertical = 0

[node name="CurrItemLabel" type="Label" parent="GridContainer/SubViewportContainer4/SubViewport/Player4/MarginContainer"]
layout_mode = 2

[node name="Items" parent="." instance=ExtResource("6_wc5p8")]

[node name="Level" parent="." instance=ExtResource("6_i5arm")]

[node name="Node3D" type="Node3D" parent="Level" instance=ExtResource("17_nu31w")]
transform = Transform3D(-0.190608, 0, -0.981666, 0, 1, 0, 0.981666, 0, -0.190608, 0, 0, 0)
script = ExtResource("8_tereu")
platform_scenes = Array[PackedScene]([ExtResource("18_obt1j")])
randomize_in_editor = true

[node name="@Node3D@22364" type="Node3D" parent="Level" instance=ExtResource("11_imku0")]
transform = Transform3D(-0.548776, 0, -0.83597, 0, 1, 0, 0.83597, 0, -0.548776, -3.18342, 0, -6.38675)
script = ExtResource("8_tereu")
platform_scenes = Array[PackedScene]([ExtResource("12_wlxy5"), ExtResource("13_3v7ru"), ExtResource("22_2yde8")])
randomize_in_editor = true

[node name="@Node3D@22366" type="Node3D" parent="Level" instance=ExtResource("11_imku0")]
transform = Transform3D(0.95137, 0, 0.30805, 0, 1, 0, -0.30805, 0, 0.95137, -1.86864, 0, -9.06482)
script = ExtResource("8_tereu")
platform_scenes = Array[PackedScene]([ExtResource("12_wlxy5"), ExtResource("13_3v7ru"), ExtResource("22_2yde8")])
randomize_in_editor = true

[node name="@Node3D@22368" type="Node3D" parent="Level" instance=ExtResource("7_6iypd")]
transform = Transform3D(-0.0180235, 0, -0.999838, 0, 1, 0, 0.999838, 0, -0.0180235, -1.68106, 0, -13.5611)
script = ExtResource("8_tereu")
platform_scenes = Array[PackedScene]([ExtResource("9_cdqbm"), ExtResource("10_imku0"), ExtResource("19_obt1j"), ExtResource("9_cdqbm"), ExtResource("10_imku0")])
randomize_in_editor = true

[node name="@Node3D@22370" type="Node3D" parent="Level" instance=ExtResource("7_6iypd")]
transform = Transform3D(0.766564, 0, 0.642168, 0, 1, 0, -0.642168, 0, 0.766564, 0.980331, 0, -19.6725)
script = ExtResource("8_tereu")
platform_scenes = Array[PackedScene]([ExtResource("9_cdqbm"), ExtResource("10_imku0"), ExtResource("19_obt1j"), ExtResource("9_cdqbm"), ExtResource("10_imku0")])
randomize_in_editor = true

[node name="@Node3D@22372" type="Node3D" parent="Level" instance=ExtResource("7_6iypd")]
transform = Transform3D(0.541944, 0, 0.840414, 0, 1, 0, -0.840414, 0, 0.541944, 2.74161, 0, -22.087)
script = ExtResource("8_tereu")
platform_scenes = Array[PackedScene]([ExtResource("9_cdqbm"), ExtResource("10_imku0"), ExtResource("19_obt1j"), ExtResource("9_cdqbm"), ExtResource("10_imku0")])
randomize_in_editor = true

[node name="@Node3D@22374" type="Node3D" parent="Level" instance=ExtResource("17_nu31w")]
transform = Transform3D(-0.0937366, 0, -0.995597, 0, 1, 0, 0.995597, 0, -0.0937366, 0.0921402, 0, -26.6936)
script = ExtResource("8_tereu")
platform_scenes = Array[PackedScene]([ExtResource("18_obt1j")])
randomize_in_editor = true

[node name="@Node3D@22376" type="Node3D" parent="Level" instance=ExtResource("17_nu31w")]
transform = Transform3D(-0.458918, 0, 0.888479, 0, 1, 0, -0.888479, 0, -0.458918, -1.78657, 0, -29.5486)
script = ExtResource("8_tereu")
platform_scenes = Array[PackedScene]([ExtResource("18_obt1j")])
randomize_in_editor = true

[node name="@Node3D@22378" type="Node3D" parent="Level" instance=ExtResource("7_6iypd")]
transform = Transform3D(-0.577138, 0, -0.816646, 0, 1, 0, 0.816646, 0, -0.577138, -0.310602, 0, -34.0407)
script = ExtResource("8_tereu")
platform_scenes = Array[PackedScene]([ExtResource("9_cdqbm"), ExtResource("10_imku0"), ExtResource("19_obt1j"), ExtResource("9_cdqbm"), ExtResource("10_imku0")])
randomize_in_editor = true

[node name="@Node3D@22380" type="Node3D" parent="Level" instance=ExtResource("11_imku0")]
transform = Transform3D(-0.50106, 0, -0.865412, 0, 1, 0, 0.865412, 0, -0.50106, 1.59132, 0, -40.0804)
script = ExtResource("8_tereu")
platform_scenes = Array[PackedScene]([ExtResource("12_wlxy5"), ExtResource("13_3v7ru"), ExtResource("22_2yde8")])
randomize_in_editor = true

[node name="@Node3D@22382" type="Node3D" parent="Level" instance=ExtResource("11_imku0")]
transform = Transform3D(0.477384, 0, 0.878695, 0, 1, 0, -0.878695, 0, 0.477384, 3.90925, 0, -46.8534)
script = ExtResource("8_tereu")
platform_scenes = Array[PackedScene]([ExtResource("12_wlxy5"), ExtResource("13_3v7ru"), ExtResource("22_2yde8")])
randomize_in_editor = true

[node name="@Node3D@22384" type="Node3D" parent="Level" instance=ExtResource("7_6iypd")]
transform = Transform3D(-0.586672, 0, 0.809824, 0, 1, 0, -0.809824, 0, -0.586672, 6.16969, 0, -53.2591)
script = ExtResource("8_tereu")
platform_scenes = Array[PackedScene]([ExtResource("9_cdqbm"), ExtResource("10_imku0"), ExtResource("19_obt1j"), ExtResource("9_cdqbm"), ExtResource("10_imku0")])
randomize_in_editor = true

[node name="@Node3D@22386" type="Node3D" parent="Level" instance=ExtResource("7_6iypd")]
transform = Transform3D(-0.764299, 0, 0.644862, 0, 1, 0, -0.644862, 0, -0.764299, 10.8766, 0, -58.7309)
script = ExtResource("8_tereu")
platform_scenes = Array[PackedScene]([ExtResource("9_cdqbm"), ExtResource("10_imku0"), ExtResource("19_obt1j"), ExtResource("9_cdqbm"), ExtResource("10_imku0")])
randomize_in_editor = true

[node name="@Node3D@22388" type="Node3D" parent="Level" instance=ExtResource("11_imku0")]
transform = Transform3D(-0.686917, 0, -0.726735, 0, 1, 0, 0.726735, 0, -0.686917, 9.41098, 0, -61.0065)
script = ExtResource("8_tereu")
platform_scenes = Array[PackedScene]([ExtResource("12_wlxy5"), ExtResource("13_3v7ru"), ExtResource("22_2yde8")])
randomize_in_editor = true

[node name="@Node3D@22390" type="Node3D" parent="Level" instance=ExtResource("17_nu31w")]
transform = Transform3D(-0.227741, 0, -0.973722, 0, 1, 0, 0.973722, 0, -0.227741, 10.2961, 0, -65.1202)
script = ExtResource("8_tereu")
platform_scenes = Array[PackedScene]([ExtResource("18_obt1j")])
randomize_in_editor = true

[node name="@Node3D@22392" type="Node3D" parent="Level" instance=ExtResource("17_nu31w")]
transform = Transform3D(-0.999667, 0, 0.0257918, 0, 1, 0, -0.0257918, 0, -0.999667, 7.78553, 0, -68.3872)
script = ExtResource("8_tereu")
platform_scenes = Array[PackedScene]([ExtResource("18_obt1j")])
randomize_in_editor = true

[node name="@Node3D@22394" type="Node3D" parent="Level" instance=ExtResource("11_imku0")]
transform = Transform3D(0.813578, 0, -0.581455, 0, 1, 0, 0.581455, 0, 0.813578, 5.32223, 0, -72.4264)
script = ExtResource("8_tereu")
platform_scenes = Array[PackedScene]([ExtResource("12_wlxy5"), ExtResource("13_3v7ru"), ExtResource("22_2yde8")])
randomize_in_editor = true

[node name="@Node3D@22396" type="Node3D" parent="Level" instance=ExtResource("7_6iypd")]
transform = Transform3D(0.0818533, 0, 0.996644, 0, 1, 0, -0.996644, 0, 0.0818533, 1.31843, 0, -77.7389)
script = ExtResource("8_tereu")
platform_scenes = Array[PackedScene]([ExtResource("9_cdqbm"), ExtResource("10_imku0"), ExtResource("19_obt1j"), ExtResource("9_cdqbm"), ExtResource("10_imku0")])
randomize_in_editor = true

[node name="@Node3D@22398" type="Node3D" parent="Level" instance=ExtResource("17_nu31w")]
transform = Transform3D(-0.427316, 0, -0.904103, 0, 1, 0, 0.904103, 0, -0.427316, 2.61206, 0, -82.6315)
script = ExtResource("8_tereu")
platform_scenes = Array[PackedScene]([ExtResource("18_obt1j")])
randomize_in_editor = true

[node name="@Node3D@22400" type="Node3D" parent="Level" instance=ExtResource("11_imku0")]
transform = Transform3D(-0.953449, 0, 0.301553, 0, 1, 0, -0.301553, 0, -0.953449, 2.18928, 0, -85.1587)
script = ExtResource("8_tereu")
platform_scenes = Array[PackedScene]([ExtResource("12_wlxy5"), ExtResource("13_3v7ru"), ExtResource("22_2yde8")])
randomize_in_editor = true

[node name="@Node3D@22402" type="Node3D" parent="Level" instance=ExtResource("7_6iypd")]
transform = Transform3D(-0.739237, 0, 0.673446, 0, 1, 0, -0.673446, 0, -0.739237, 2.47219, 0, -92.2097)
script = ExtResource("8_tereu")
platform_scenes = Array[PackedScene]([ExtResource("9_cdqbm"), ExtResource("10_imku0"), ExtResource("19_obt1j"), ExtResource("9_cdqbm"), ExtResource("10_imku0")])
randomize_in_editor = true

[node name="@Node3D@22404" type="Node3D" parent="Level" instance=ExtResource("11_imku0")]
transform = Transform3D(-0.677246, 0, -0.735757, 0, 1, 0, 0.735757, 0, -0.677246, 6.7946, 0, -97.7023)
script = ExtResource("8_tereu")
platform_scenes = Array[PackedScene]([ExtResource("12_wlxy5"), ExtResource("13_3v7ru"), ExtResource("22_2yde8")])
randomize_in_editor = true

[node name="@Node3D@22406" type="Node3D" parent="Level" instance=ExtResource("11_imku0")]
transform = Transform3D(0.93805, 0, 0.3465, 0, 1, 0, -0.3465, 0, 0.93805, 5.39751, 0, -103.511)
script = ExtResource("8_tereu")
platform_scenes = Array[PackedScene]([ExtResource("12_wlxy5"), ExtResource("13_3v7ru"), ExtResource("22_2yde8")])
randomize_in_editor = true

[node name="@Node3D@22408" type="Node3D" parent="Level" instance=ExtResource("11_imku0")]
transform = Transform3D(-0.612009, 0, -0.790851, 0, 1, 0, 0.790851, 0, -0.612009, 2.30839, 0, -109.821)
script = ExtResource("8_tereu")
platform_scenes = Array[PackedScene]([ExtResource("12_wlxy5"), ExtResource("13_3v7ru"), ExtResource("22_2yde8")])
randomize_in_editor = true

[node name="@Node3D@22410" type="Node3D" parent="Level" instance=ExtResource("7_6iypd")]
transform = Transform3D(0.287138, 0, 0.957889, 0, 1, 0, -0.957889, 0, 0.287138, -0.485246, 0, -113.868)
script = ExtResource("8_tereu")
platform_scenes = Array[PackedScene]([ExtResource("9_cdqbm"), ExtResource("10_imku0"), ExtResource("19_obt1j"), ExtResource("9_cdqbm"), ExtResource("10_imku0")])
randomize_in_editor = true

[node name="@Node3D@22412" type="Node3D" parent="Level" instance=ExtResource("7_6iypd")]
transform = Transform3D(-0.928865, 0, 0.370419, 0, 1, 0, -0.370419, 0, -0.928865, -0.962922, 0, -117.909)
script = ExtResource("8_tereu")
platform_scenes = Array[PackedScene]([ExtResource("9_cdqbm"), ExtResource("10_imku0"), ExtResource("19_obt1j"), ExtResource("9_cdqbm"), ExtResource("10_imku0")])
randomize_in_editor = true

[node name="@Node3D@22414" type="Node3D" parent="Level" instance=ExtResource("11_imku0")]
transform = Transform3D(-0.851844, 0, -0.523796, 0, 1, 0, 0.523796, 0, -0.851844, -3.70045, 0, -122.227)
script = ExtResource("8_tereu")
platform_scenes = Array[PackedScene]([ExtResource("12_wlxy5"), ExtResource("13_3v7ru"), ExtResource("22_2yde8")])
randomize_in_editor = true

[node name="@Node3D@22416" type="Node3D" parent="Level" instance=ExtResource("17_nu31w")]
transform = Transform3D(-0.759884, 0, 0.650058, 0, 1, 0, -0.650058, 0, -0.759884, -5.28331, 0, -127.402)
script = ExtResource("8_tereu")
platform_scenes = Array[PackedScene]([ExtResource("18_obt1j")])
randomize_in_editor = true

[node name="@Node3D@22418" type="Node3D" parent="Level" instance=ExtResource("17_nu31w")]
transform = Transform3D(0.145016, 0, 0.989429, 0, 1, 0, -0.989429, 0, 0.145016, 3.04303, 0, -96.4574)
script = ExtResource("8_tereu")
platform_scenes = Array[PackedScene]([ExtResource("18_obt1j")])
randomize_in_editor = true

[node name="@Node3D@22420" type="Node3D" parent="Level" instance=ExtResource("11_imku0")]
transform = Transform3D(0.795377, 0, 0.606115, 0, 1, 0, -0.606115, 0, 0.795377, -1.81484, 0, -101.399)
script = ExtResource("8_tereu")
platform_scenes = Array[PackedScene]([ExtResource("12_wlxy5"), ExtResource("13_3v7ru"), ExtResource("22_2yde8")])
randomize_in_editor = true

[node name="@Node3D@22422" type="Node3D" parent="Level" instance=ExtResource("7_6iypd")]
transform = Transform3D(0.807189, 0, 0.590293, 0, 1, 0, -0.590293, 0, 0.807189, -0.963185, 0, -104.086)
script = ExtResource("8_tereu")
platform_scenes = Array[PackedScene]([ExtResource("9_cdqbm"), ExtResource("10_imku0"), ExtResource("19_obt1j"), ExtResource("9_cdqbm"), ExtResource("10_imku0")])
randomize_in_editor = true

[node name="@Node3D@22424" type="Node3D" parent="Level" instance=ExtResource("17_nu31w")]
transform = Transform3D(0.851613, 0, -0.524171, 0, 1, 0, 0.524171, 0, 0.851613, -2.26411, 0, -109.09)
script = ExtResource("8_tereu")
platform_scenes = Array[PackedScene]([ExtResource("18_obt1j")])
randomize_in_editor = true

[node name="@Node3D@22426" type="Node3D" parent="Level" instance=ExtResource("17_nu31w")]
transform = Transform3D(-0.774942, 0, 0.632033, 0, 1, 0, -0.632033, 0, -0.774942, -0.226832, 0, -92.1481)
script = ExtResource("8_tereu")
platform_scenes = Array[PackedScene]([ExtResource("18_obt1j")])
randomize_in_editor = true

[node name="@Node3D@22428" type="Node3D" parent="Level" instance=ExtResource("7_6iypd")]
transform = Transform3D(-0.995921, 0, 0.0902338, 0, 1, 0, -0.0902338, 0, -0.995921, -2.6547, 0, -97.9723)
script = ExtResource("8_tereu")
platform_scenes = Array[PackedScene]([ExtResource("9_cdqbm"), ExtResource("10_imku0"), ExtResource("19_obt1j"), ExtResource("9_cdqbm"), ExtResource("10_imku0")])
randomize_in_editor = true

[node name="@Node3D@22430" type="Node3D" parent="Level" instance=ExtResource("11_imku0")]
transform = Transform3D(0.993151, 0, 0.11684, 0, 1, 0, -0.11684, 0, 0.993151, -6.49785, 0, -103.886)
script = ExtResource("8_tereu")
platform_scenes = Array[PackedScene]([ExtResource("12_wlxy5"), ExtResource("13_3v7ru"), ExtResource("22_2yde8")])
randomize_in_editor = true

[node name="@Node3D@22432" type="Node3D" parent="Level" instance=ExtResource("11_imku0")]
transform = Transform3D(-0.968478, 0, 0.2491, 0, 1, 0, -0.2491, 0, -0.968478, 6.17054, 0, -88.4593)
script = ExtResource("8_tereu")
platform_scenes = Array[PackedScene]([ExtResource("12_wlxy5"), ExtResource("13_3v7ru"), ExtResource("22_2yde8")])
randomize_in_editor = true

[node name="@Node3D@22434" type="Node3D" parent="Level" instance=ExtResource("7_6iypd")]
transform = Transform3D(-0.708622, 0, 0.705588, 0, 1, 0, -0.705588, 0, -0.708622, 7.6549, 0, -93.2129)
script = ExtResource("8_tereu")
platform_scenes = Array[PackedScene]([ExtResource("9_cdqbm"), ExtResource("10_imku0"), ExtResource("19_obt1j"), ExtResource("9_cdqbm"), ExtResource("10_imku0")])
randomize_in_editor = true

[node name="@Node3D@22436" type="Node3D" parent="Level" instance=ExtResource("7_6iypd")]
transform = Transform3D(-0.0340359, 0, 0.999421, 0, 1, 0, -0.999421, 0, -0.0340359, 10.1742, 0, -71.7011)
script = ExtResource("8_tereu")
platform_scenes = Array[PackedScene]([ExtResource("9_cdqbm"), ExtResource("10_imku0"), ExtResource("19_obt1j"), ExtResource("9_cdqbm"), ExtResource("10_imku0")])
randomize_in_editor = true

[node name="@Node3D@22438" type="Node3D" parent="Level" instance=ExtResource("7_6iypd")]
transform = Transform3D(0.853372, 0, -0.521303, 0, 1, 0, 0.521303, 0, 0.853372, 7.6967, 0, -77.7513)
script = ExtResource("8_tereu")
platform_scenes = Array[PackedScene]([ExtResource("9_cdqbm"), ExtResource("10_imku0"), ExtResource("19_obt1j"), ExtResource("9_cdqbm"), ExtResource("10_imku0")])
randomize_in_editor = true

[node name="@Node3D@22440" type="Node3D" parent="Level" instance=ExtResource("11_imku0")]
transform = Transform3D(-0.759171, 0, 0.650892, 0, 1, 0, -0.650892, 0, -0.759171, 8.58723, 0, -81.2446)
script = ExtResource("8_tereu")
platform_scenes = Array[PackedScene]([ExtResource("12_wlxy5"), ExtResource("13_3v7ru"), ExtResource("22_2yde8")])
randomize_in_editor = true

[node name="@Node3D@22442" type="Node3D" parent="Level" instance=ExtResource("17_nu31w")]
transform = Transform3D(0.312406, 0, -0.949949, 0, 1, 0, 0.949949, 0, 0.312406, 10.9565, 0, -84.5053)
script = ExtResource("8_tereu")
platform_scenes = Array[PackedScene]([ExtResource("18_obt1j")])
randomize_in_editor = true

[node name="@Node3D@22444" type="Node3D" parent="Level" instance=ExtResource("17_nu31w")]
transform = Transform3D(-0.617846, 0, 0.786299, 0, 1, 0, -0.786299, 0, -0.617846, 9.63037, 0, -91.63)
script = ExtResource("8_tereu")
platform_scenes = Array[PackedScene]([ExtResource("18_obt1j")])
randomize_in_editor = true

[node name="@Node3D@22446" type="Node3D" parent="Level" instance=ExtResource("7_6iypd")]
transform = Transform3D(-0.684734, 0, -0.728793, 0, 1, 0, 0.728793, 0, -0.684734, 3.38191, 0, -52.5301)
script = ExtResource("8_tereu")
platform_scenes = Array[PackedScene]([ExtResource("9_cdqbm"), ExtResource("10_imku0"), ExtResource("19_obt1j"), ExtResource("9_cdqbm"), ExtResource("10_imku0")])
randomize_in_editor = true

[node name="@Node3D@22448" type="Node3D" parent="Level" instance=ExtResource("7_6iypd")]
transform = Transform3D(0.510498, 0, 0.859879, 0, 1, 0, -0.859879, 0, 0.510498, 4.00911, 0, -56.7738)
script = ExtResource("8_tereu")
platform_scenes = Array[PackedScene]([ExtResource("9_cdqbm"), ExtResource("10_imku0"), ExtResource("19_obt1j"), ExtResource("9_cdqbm"), ExtResource("10_imku0")])
randomize_in_editor = true

[node name="@Node3D@22450" type="Node3D" parent="Level" instance=ExtResource("7_6iypd")]
transform = Transform3D(-0.567469, 0, 0.823395, 0, 1, 0, -0.823395, 0, -0.567469, 3.46601, 0, -60.4158)
script = ExtResource("8_tereu")
platform_scenes = Array[PackedScene]([ExtResource("9_cdqbm"), ExtResource("10_imku0"), ExtResource("19_obt1j"), ExtResource("9_cdqbm"), ExtResource("10_imku0")])
randomize_in_editor = true

[node name="@Node3D@22452" type="Node3D" parent="Level" instance=ExtResource("17_nu31w")]
transform = Transform3D(0.0481467, 0, 0.99884, 0, 1, 0, -0.99884, 0, 0.0481467, 4.88179, 0, -65.3746)
script = ExtResource("8_tereu")
platform_scenes = Array[PackedScene]([ExtResource("18_obt1j")])
randomize_in_editor = true

[node name="@Node3D@22454" type="Node3D" parent="Level" instance=ExtResource("7_6iypd")]
transform = Transform3D(-0.983818, 0, 0.179173, 0, 1, 0, -0.179173, 0, -0.983818, 5.92804, 0, -63.1021)
script = ExtResource("8_tereu")
platform_scenes = Array[PackedScene]([ExtResource("9_cdqbm"), ExtResource("10_imku0"), ExtResource("19_obt1j"), ExtResource("9_cdqbm"), ExtResource("10_imku0")])
randomize_in_editor = true

[node name="@Node3D@22456" type="Node3D" parent="Level" instance=ExtResource("7_6iypd")]
transform = Transform3D(-0.964968, 0, -0.262366, 0, 1, 0, 0.262366, 0, -0.964968, 0.927262, 0, -55.9744)
script = ExtResource("8_tereu")
platform_scenes = Array[PackedScene]([ExtResource("9_cdqbm"), ExtResource("10_imku0"), ExtResource("19_obt1j"), ExtResource("9_cdqbm"), ExtResource("10_imku0")])
randomize_in_editor = true

[node name="@Node3D@22458" type="Node3D" parent="Level" instance=ExtResource("11_imku0")]
transform = Transform3D(0.88088, 0, 0.473339, 0, 1, 0, -0.473339, 0, 0.88088, 6.07002, 0, -44.7264)
script = ExtResource("8_tereu")
platform_scenes = Array[PackedScene]([ExtResource("12_wlxy5"), ExtResource("13_3v7ru"), ExtResource("22_2yde8")])
randomize_in_editor = true

[node name="@Node3D@22460" type="Node3D" parent="Level" instance=ExtResource("11_imku0")]
transform = Transform3D(-0.802476, 0, -0.596685, 0, 1, 0, 0.596685, 0, -0.802476, 6.39754, 0, -47.3899)
script = ExtResource("8_tereu")
platform_scenes = Array[PackedScene]([ExtResource("12_wlxy5"), ExtResource("13_3v7ru"), ExtResource("22_2yde8")])
randomize_in_editor = true

[node name="@Node3D@22462" type="Node3D" parent="Level" instance=ExtResource("7_6iypd")]
transform = Transform3D(0.914583, 0, -0.404399, 0, 1, 0, 0.404399, 0, 0.914583, 9.84786, 0, -53.6243)
script = ExtResource("8_tereu")
platform_scenes = Array[PackedScene]([ExtResource("9_cdqbm"), ExtResource("10_imku0"), ExtResource("19_obt1j"), ExtResource("9_cdqbm"), ExtResource("10_imku0")])
randomize_in_editor = true

[node name="@Node3D@22464" type="Node3D" parent="Level" instance=ExtResource("17_nu31w")]
transform = Transform3D(-0.306154, 0, 0.951982, 0, 1, 0, -0.951982, 0, -0.306154, 8.43496, 0, -56.8459)
script = ExtResource("8_tereu")
platform_scenes = Array[PackedScene]([ExtResource("18_obt1j")])
randomize_in_editor = true

[node name="@Node3D@22466" type="Node3D" parent="Level" instance=ExtResource("17_nu31w")]
transform = Transform3D(-0.499562, 0, -0.866278, 0, 1, 0, 0.866278, 0, -0.499562, 6.48979, 0, -59.3262)
script = ExtResource("8_tereu")
platform_scenes = Array[PackedScene]([ExtResource("18_obt1j")])
randomize_in_editor = true

[node name="@Node3D@22468" type="Node3D" parent="Level" instance=ExtResource("7_6iypd")]
transform = Transform3D(-0.852424, 0, -0.522851, 0, 1, 0, 0.522851, 0, -0.852424, -2.88487, 0, -32.1018)
script = ExtResource("8_tereu")
platform_scenes = Array[PackedScene]([ExtResource("9_cdqbm"), ExtResource("10_imku0"), ExtResource("19_obt1j"), ExtResource("9_cdqbm"), ExtResource("10_imku0")])
randomize_in_editor = true

[node name="@Node3D@22470" type="Node3D" parent="Level" instance=ExtResource("11_imku0")]
transform = Transform3D(0.996059, 0, 0.0886958, 0, 1, 0, -0.0886958, 0, 0.996059, -1.79922, 0, -39.4583)
script = ExtResource("8_tereu")
platform_scenes = Array[PackedScene]([ExtResource("12_wlxy5"), ExtResource("13_3v7ru"), ExtResource("22_2yde8")])
randomize_in_editor = true

[node name="@Node3D@22472" type="Node3D" parent="Level" instance=ExtResource("7_6iypd")]
transform = Transform3D(-0.319575, 0, 0.947561, 0, 1, 0, -0.947561, 0, -0.319575, -0.467807, 0, -43.4934)
script = ExtResource("8_tereu")
platform_scenes = Array[PackedScene]([ExtResource("9_cdqbm"), ExtResource("10_imku0"), ExtResource("19_obt1j"), ExtResource("9_cdqbm"), ExtResource("10_imku0")])
randomize_in_editor = true

[node name="@Node3D@22474" type="Node3D" parent="Level" instance=ExtResource("7_6iypd")]
transform = Transform3D(-0.866217, 0, 0.499668, 0, 1, 0, -0.499668, 0, -0.866217, 0.351645, 0, -46.3337)
script = ExtResource("8_tereu")
platform_scenes = Array[PackedScene]([ExtResource("9_cdqbm"), ExtResource("10_imku0"), ExtResource("19_obt1j"), ExtResource("9_cdqbm"), ExtResource("10_imku0")])
randomize_in_editor = true

[node name="@Node3D@22476" type="Node3D" parent="Level" instance=ExtResource("7_6iypd")]
transform = Transform3D(-0.999229, 0, 0.0392536, 0, 1, 0, -0.0392536, 0, -0.999229, -0.0780582, 0, -51.5463)
script = ExtResource("8_tereu")
platform_scenes = Array[PackedScene]([ExtResource("9_cdqbm"), ExtResource("10_imku0"), ExtResource("19_obt1j"), ExtResource("9_cdqbm"), ExtResource("10_imku0")])
randomize_in_editor = true

[node name="@Node3D@22478" type="Node3D" parent="Level" instance=ExtResource("7_6iypd")]
transform = Transform3D(-0.997081, 0, -0.076346, 0, 1, 0, 0.076346, 0, -0.997081, -3.11659, 0, -56.1513)
script = ExtResource("8_tereu")
platform_scenes = Array[PackedScene]([ExtResource("9_cdqbm"), ExtResource("10_imku0"), ExtResource("19_obt1j"), ExtResource("9_cdqbm"), ExtResource("10_imku0")])
randomize_in_editor = true

[node name="@Node3D@22480" type="Node3D" parent="Level" instance=ExtResource("17_nu31w")]
transform = Transform3D(0.567249, 0, 0.823546, 0, 1, 0, -0.823546, 0, 0.567249, -2.00714, 0, -60.6044)
script = ExtResource("8_tereu")
platform_scenes = Array[PackedScene]([ExtResource("18_obt1j")])
randomize_in_editor = true

[node name="@Node3D@22482" type="Node3D" parent="Level" instance=ExtResource("17_nu31w")]
transform = Transform3D(0.327836, 0, 0.944734, 0, 1, 0, -0.944734, 0, 0.327836, -4.43973, 0, -64.4175)
script = ExtResource("8_tereu")
platform_scenes = Array[PackedScene]([ExtResource("18_obt1j")])
randomize_in_editor = true

[node name="@Node3D@22484" type="Node3D" parent="Level" instance=ExtResource("7_6iypd")]
transform = Transform3D(-0.998653, 0, -0.0518898, 0, 1, 0, 0.0518898, 0, -0.998653, -6.41788, 0, -67.711)
script = ExtResource("8_tereu")
platform_scenes = Array[PackedScene]([ExtResource("9_cdqbm"), ExtResource("10_imku0"), ExtResource("19_obt1j"), ExtResource("9_cdqbm"), ExtResource("10_imku0")])
randomize_in_editor = true

[node name="@Node3D@22486" type="Node3D" parent="Level" instance=ExtResource("17_nu31w")]
