[gd_scene load_steps=37 format=3 uid="uid://3f7k8dolqfhh"]

[ext_resource type="PackedScene" uid="uid://g4tbrr3sfui2" path="res://player.tscn" id="1_a202f"]
[ext_resource type="Script" uid="uid://b85s3xfg6xv8i" path="res://game_manager.gd" id="1_tereu"]
[ext_resource type="FontFile" uid="uid://decj3qo5pg26d" path="res://kirifont/KiriFont.otf" id="2_cdqbm"]
[ext_resource type="LabelSettings" uid="uid://b32jxxg8k3j45" path="res://custom.tres" id="2_tereu"]
[ext_resource type="LabelSettings" uid="uid://c2fbmgdggtmr8" path="res://leaderboard.tres" id="4_imku0"]
[ext_resource type="PackedScene" uid="uid://o6nh6fno5b0d" path="res://level/level.tscn" id="6_i5arm"]
[ext_resource type="PackedScene" uid="uid://berc3ktdu00jq" path="res://water_grid.tscn" id="6_jsk3o"]
[ext_resource type="PackedScene" uid="uid://cloxm7yrf3dau" path="res://player4.tscn" id="6_vxd74"]
[ext_resource type="PackedScene" uid="uid://6kx5nm2ecru" path="res://items/generators/items.tscn" id="6_wc5p8"]
[ext_resource type="PackedScene" uid="uid://bgowpuve5rom4" path="res://level/1x1/1x1.tscn" id="7_6iypd"]
[ext_resource type="PackedScene" uid="uid://cwjt7a54ooioq" path="res://player3.tscn" id="7_dhlwf"]
[ext_resource type="PackedScene" uid="uid://oa4gk1w85htb" path="res://kill_zone.tscn" id="7_wc5p8"]
[ext_resource type="PackedScene" uid="uid://685x3hhuvr5l" path="res://player2.tscn" id="8_5t8nk"]
[ext_resource type="Script" uid="uid://4ohwjxvwlf14" path="res://scripts/random_platform.gd" id="8_tereu"]
[ext_resource type="PackedScene" uid="uid://bau54xbcyquty" path="res://goal.tscn" id="9_4arys"]
[ext_resource type="PackedScene" uid="uid://evotmterwgic" path="res://level/1x1/0.tscn" id="9_cdqbm"]
[ext_resource type="PackedScene" uid="uid://bq3jgcl0fepk2" path="res://level/1x1/1.tscn" id="10_imku0"]
[ext_resource type="PackedScene" uid="uid://bct2vsr7ymxi4" path="res://level/2x2/2x2.tscn" id="11_imku0"]
[ext_resource type="PackedScene" uid="uid://l2l3mvvrqhsu" path="res://level/2x2/0.tscn" id="12_wlxy5"]
[ext_resource type="PackedScene" uid="uid://da3dp6rlapf65" path="res://level/2x2/1.tscn" id="13_3v7ru"]
[ext_resource type="PackedScene" uid="uid://ck51bdne8ldwv" path="res://island.tscn" id="14_wlxy5"]
[ext_resource type="PackedScene" uid="uid://bpulflnw0vw5l" path="res://level/2x1/2x1.tscn" id="17_nu31w"]
[ext_resource type="PackedScene" uid="uid://dviuybxhwu1ho" path="res://level/2x1/0.tscn" id="18_obt1j"]
[ext_resource type="PackedScene" uid="uid://gof5kolddo3a" path="res://level/1x1/2.tscn" id="19_obt1j"]
[ext_resource type="PackedScene" uid="uid://bsmlem37lo4th" path="res://level/2x2/2.tscn" id="22_2yde8"]
[ext_resource type="Script" uid="uid://bc5fk34xn5xaf" path="res://extra_kill_zone.gd" id="23_nu31w"]
[ext_resource type="PackedScene" uid="uid://csmc4dfieimjx" path="res://meshes/Startplatform/Startingplatform.tscn" id="24_dhlwf"]
[ext_resource type="PackedScene" uid="uid://b5bxwo0db64jg" path="res://meshes/Chest/chest.glb" id="24_nu31w"]

[sub_resource type="LabelSettings" id="LabelSettings_cdqbm"]
font = ExtResource("2_cdqbm")
font_size = 300
outline_size = 40
outline_color = Color(0, 0, 0, 1)

[sub_resource type="StyleBoxFlat" id="StyleBoxFlat_cdqbm"]
bg_color = Color(7.52043e-08, 0.0590926, 0.150703, 0.411765)

[sub_resource type="ProceduralSkyMaterial" id="ProceduralSkyMaterial_noarx"]

[sub_resource type="Sky" id="Sky_noarx"]
sky_material = SubResource("ProceduralSkyMaterial_noarx")

[sub_resource type="Environment" id="Environment_a0tk4"]
background_mode = 2
background_energy_multiplier = 2.5
sky = SubResource("Sky_noarx")

[sub_resource type="CameraAttributesPractical" id="CameraAttributesPractical_noarx"]

[sub_resource type="ViewportTexture" id="ViewportTexture_nu31w"]
viewport_path = NodePath("GridContainer/SubViewportContainer/SubViewport")

[sub_resource type="ViewportTexture" id="ViewportTexture_obt1j"]
viewport_path = NodePath("GridContainer/SubViewportContainer2/SubViewport")

[sub_resource type="ViewportTexture" id="ViewportTexture_2yde8"]
viewport_path = NodePath("GridContainer/SubViewportContainer3/SubViewport")

[sub_resource type="ViewportTexture" id="ViewportTexture_id0nj"]
viewport_path = NodePath("GridContainer/SubViewportContainer4/SubViewport")

[sub_resource type="BoxShape3D" id="BoxShape3D_aceia"]
size = Vector3(125.445, 14.3992, 742.51)

[node name="Game" type="Node3D"]

[node name="GameManager" type="Node" parent="."]
script = ExtResource("1_tereu")

[node name="CanvasLayer" type="CanvasLayer" parent="GameManager"]
layer = 100

[node name="SharedLabel" type="Label" parent="GameManager/CanvasLayer"]
custom_minimum_size = Vector2(400, 400)
anchors_preset = 8
anchor_left = 0.5
anchor_top = 0.5
anchor_right = 0.5
anchor_bottom = 0.5
offset_left = -960.0
offset_top = -540.0
offset_right = 960.0
offset_bottom = 540.0
grow_horizontal = 2
grow_vertical = 2
pivot_offset = Vector2(960, 540)
size_flags_vertical = 1
theme_override_font_sizes/font_size = 50
label_settings = ExtResource("2_tereu")
horizontal_alignment = 1
vertical_alignment = 1
autowrap_mode = 2
metadata/_edit_use_anchors_ = true

[node name="SharedLabel2" type="Label" parent="GameManager/CanvasLayer"]
custom_minimum_size = Vector2(2000, 1200)
anchors_preset = 8
anchor_left = 0.5
anchor_top = 0.5
anchor_right = 0.5
anchor_bottom = 0.5
offset_left = -1000.0
offset_top = -600.0
offset_right = 1000.0
offset_bottom = 600.0
grow_horizontal = 2
grow_vertical = 2
size_flags_vertical = 1
text = " "
label_settings = SubResource("LabelSettings_cdqbm")
horizontal_alignment = 1
vertical_alignment = 1
autowrap_mode = 2
metadata/_edit_use_anchors_ = true

[node name="opacity" type="Panel" parent="GameManager/CanvasLayer"]
visible = false
anchors_preset = 15
anchor_right = 1.0
anchor_bottom = 1.0
grow_horizontal = 2
grow_vertical = 2
size_flags_horizontal = 4
size_flags_vertical = 4
theme_override_styles/panel = SubResource("StyleBoxFlat_cdqbm")

[node name="Leaderboard" type="Panel" parent="GameManager/CanvasLayer/opacity"]
custom_minimum_size = Vector2(500, 500)
layout_mode = 1
anchors_preset = 8
anchor_left = 0.5
anchor_top = 0.5
anchor_right = 0.5
anchor_bottom = 0.5
offset_left = -250.0
offset_top = -250.0
offset_right = 250.0
offset_bottom = 250.0
grow_horizontal = 2
grow_vertical = 2

[node name="VBoxContainer" type="VBoxContainer" parent="GameManager/CanvasLayer/opacity/Leaderboard"]
layout_mode = 1
anchors_preset = 15
anchor_right = 1.0
anchor_bottom = 1.0
grow_horizontal = 2
grow_vertical = 2
theme_override_constants/separation = 20

[node name="Score1st" type="Label" parent="GameManager/CanvasLayer/opacity/Leaderboard/VBoxContainer"]
custom_minimum_size = Vector2(100, 100)
layout_mode = 2
size_flags_vertical = 3
label_settings = ExtResource("4_imku0")
horizontal_alignment = 1
vertical_alignment = 1
autowrap_mode = 2

[node name="Score2nd" type="Label" parent="GameManager/CanvasLayer/opacity/Leaderboard/VBoxContainer"]
custom_minimum_size = Vector2(100, 100)
layout_mode = 2
size_flags_vertical = 3
label_settings = ExtResource("4_imku0")
horizontal_alignment = 1
vertical_alignment = 1
autowrap_mode = 2

[node name="Score3rd" type="Label" parent="GameManager/CanvasLayer/opacity/Leaderboard/VBoxContainer"]
custom_minimum_size = Vector2(100, 100)
layout_mode = 2
size_flags_vertical = 3
label_settings = ExtResource("4_imku0")
horizontal_alignment = 1
vertical_alignment = 1
autowrap_mode = 2

[node name="Score4th" type="Label" parent="GameManager/CanvasLayer/opacity/Leaderboard/VBoxContainer"]
custom_minimum_size = Vector2(100, 100)
layout_mode = 2
size_flags_vertical = 3
label_settings = ExtResource("4_imku0")
horizontal_alignment = 1
vertical_alignment = 1
autowrap_mode = 2

[node name="Leaderboard2" type="Panel" parent="GameManager/CanvasLayer/opacity"]
visible = false
custom_minimum_size = Vector2(1000, 150)
layout_mode = 1
anchors_preset = 8
anchor_left = 0.5
anchor_top = 0.5
anchor_right = 0.5
anchor_bottom = 0.5
offset_left = -500.0
offset_top = 140.0
offset_right = 500.0
offset_bottom = 290.0
grow_horizontal = 2
grow_vertical = 2

[node name="MarginContainer" type="MarginContainer" parent="GameManager/CanvasLayer/opacity/Leaderboard2"]
layout_mode = 1
anchors_preset = 15
anchor_right = 1.0
anchor_bottom = 1.0
grow_horizontal = 2
grow_vertical = 2
theme_override_constants/margin_left = 30
theme_override_constants/margin_top = 30
theme_override_constants/margin_right = 30
theme_override_constants/margin_bottom = 30

[node name="HBoxContainer" type="HBoxContainer" parent="GameManager/CanvasLayer/opacity/Leaderboard2/MarginContainer"]
custom_minimum_size = Vector2(1000, 0)
layout_mode = 2
theme_override_constants/separation = 100

[node name="Options" type="Button" parent="GameManager/CanvasLayer/opacity/Leaderboard2/MarginContainer/HBoxContainer"]
layout_mode = 2
size_flags_horizontal = 3
size_flags_vertical = 3
theme_override_fonts/font = ExtResource("2_cdqbm")
theme_override_font_sizes/font_size = 50
text = "Options"

[node name="StartGame" type="Button" parent="GameManager/CanvasLayer/opacity/Leaderboard2/MarginContainer/HBoxContainer"]
layout_mode = 2
size_flags_horizontal = 3
size_flags_vertical = 3
theme_override_fonts/font = ExtResource("2_cdqbm")
theme_override_font_sizes/font_size = 50
text = "Restart"

[node name="Quit" type="Button" parent="GameManager/CanvasLayer/opacity/Leaderboard2/MarginContainer/HBoxContainer"]
layout_mode = 2
size_flags_horizontal = 3
size_flags_vertical = 3
theme_override_fonts/font = ExtResource("2_cdqbm")
theme_override_font_sizes/font_size = 50
text = "quit"

[node name="DirectionalLight3D" type="DirectionalLight3D" parent="."]
transform = Transform3D(-0.534213, -0.815404, -0.223011, -0.284691, -0.0748638, 0.955692, -0.79597, 0.574032, -0.192145, -4.2404, 11.0469, -3.46405)
shadow_enabled = true

[node name="WorldEnvironment" type="WorldEnvironment" parent="."]
environment = SubResource("Environment_a0tk4")
camera_attributes = SubResource("CameraAttributesPractical_noarx")

[node name="GridContainer" type="GridContainer" parent="."]
anchors_preset = 15
anchor_right = 1.0
anchor_bottom = 1.0
grow_horizontal = 2
grow_vertical = 2
columns = 2

[node name="SubViewportContainer" type="SubViewportContainer" parent="GridContainer"]
layout_mode = 2
size_flags_horizontal = 3
size_flags_vertical = 3
stretch = true

[node name="ShaderTexture" type="TextureRect" parent="GridContainer/SubViewportContainer"]
visible = false
layout_mode = 2
texture = SubResource("ViewportTexture_nu31w")

[node name="SubViewport" type="SubViewport" parent="GridContainer/SubViewportContainer"]
handle_input_locally = false
size = Vector2i(958, 538)
render_target_update_mode = 4

[node name="Player" parent="GridContainer/SubViewportContainer/SubViewport" instance=ExtResource("1_a202f")]
transform = Transform3D(1, 0, 0, 0, 1, 0, 0, 0, 1, 0, 10, 0)
axis_lock_angular_y = true

[node name="IconTexture" type="TextureRect" parent="GridContainer/SubViewportContainer/SubViewport/Player"]
offset_right = 150.0
offset_bottom = 150.0
expand_mode = 1

[node name="PointsLabel" type="Label" parent="GridContainer/SubViewportContainer/SubViewport/Player"]
custom_minimum_size = Vector2(300, 0)
anchors_preset = 2
anchor_top = 1.0
anchor_bottom = 1.0
offset_top = -23.0
offset_right = 79.0
grow_vertical = 0
horizontal_alignment = 2

[node name="MarginContainer" type="MarginContainer" parent="GridContainer/SubViewportContainer/SubViewport/Player"]
visible = false
offset_left = 20.0
offset_top = 20.0
offset_right = 60.0
offset_bottom = 61.0

[node name="CurrItemLabel" type="Label" parent="GridContainer/SubViewportContainer/SubViewport/Player/MarginContainer"]
layout_mode = 2

[node name="SubViewportContainer2" type="SubViewportContainer" parent="GridContainer"]
layout_mode = 2
size_flags_horizontal = 3
size_flags_vertical = 3
stretch = true

[node name="ShaderTexture" type="TextureRect" parent="GridContainer/SubViewportContainer2"]
visible = false
layout_mode = 2
texture = SubResource("ViewportTexture_obt1j")

[node name="SubViewport" type="SubViewport" parent="GridContainer/SubViewportContainer2"]
handle_input_locally = false
size = Vector2i(958, 538)
render_target_update_mode = 4

[node name="Player2" parent="GridContainer/SubViewportContainer2/SubViewport" instance=ExtResource("8_5t8nk")]
transform = Transform3D(1, 0, 0, 0, 1, 0, 0, 0, 1, 2.5, 10, 0)

[node name="PointsLabel" type="Label" parent="GridContainer/SubViewportContainer2/SubViewport/Player2"]
custom_minimum_size = Vector2(320, 0)
anchors_preset = 3
anchor_left = 1.0
anchor_top = 1.0
anchor_right = 1.0
anchor_bottom = 1.0
offset_left = -79.0
offset_top = -41.0
grow_horizontal = 0
grow_vertical = 0

[node name="MarginContainer" type="MarginContainer" parent="GridContainer/SubViewportContainer2/SubViewport/Player2"]
visible = false
anchors_preset = 1
anchor_left = 1.0
anchor_right = 1.0
offset_left = -40.0
offset_bottom = 41.0
grow_horizontal = 0

[node name="CurrItemLabel" type="Label" parent="GridContainer/SubViewportContainer2/SubViewport/Player2/MarginContainer"]
layout_mode = 2

[node name="IconTexture" type="TextureRect" parent="GridContainer/SubViewportContainer2/SubViewport/Player2"]
anchors_preset = 1
anchor_left = 1.0
anchor_right = 1.0
offset_left = -150.0
offset_bottom = 150.0
grow_horizontal = 0
expand_mode = 1

[node name="SubViewportContainer3" type="SubViewportContainer" parent="GridContainer"]
layout_mode = 2
size_flags_horizontal = 3
size_flags_vertical = 3
stretch = true

[node name="ShaderTexture" type="TextureRect" parent="GridContainer/SubViewportContainer3"]
visible = false
layout_mode = 2
texture = SubResource("ViewportTexture_2yde8")

[node name="SubViewport" type="SubViewport" parent="GridContainer/SubViewportContainer3"]
handle_input_locally = false
size = Vector2i(958, 538)
render_target_update_mode = 4

[node name="Player3" parent="GridContainer/SubViewportContainer3/SubViewport" instance=ExtResource("7_dhlwf")]
transform = Transform3D(1, 0, 0, 0, 1, 0, 0, 0, 1, 5, 10, 0)

[node name="IconTexture" type="TextureRect" parent="GridContainer/SubViewportContainer3/SubViewport/Player3"]
anchors_preset = 2
anchor_top = 1.0
anchor_bottom = 1.0
offset_top = -150.0
offset_right = 150.0
grow_vertical = 0
expand_mode = 1

[node name="PointsLabel" type="Label" parent="GridContainer/SubViewportContainer3/SubViewport/Player3"]
custom_minimum_size = Vector2(300, 0)
anchors_preset = 2
anchor_top = 1.0
anchor_bottom = 1.0
offset_top = -41.0
offset_right = 79.0
grow_vertical = 0
horizontal_alignment = 2

[node name="MarginContainer" type="MarginContainer" parent="GridContainer/SubViewportContainer3/SubViewport/Player3"]
visible = false
anchors_preset = 2
anchor_top = 1.0
anchor_bottom = 1.0
offset_top = -41.0
offset_right = 40.0
grow_vertical = 0

[node name="CurrItemLabel" type="Label" parent="GridContainer/SubViewportContainer3/SubViewport/Player3/MarginContainer"]
layout_mode = 2

[node name="SubViewportContainer4" type="SubViewportContainer" parent="GridContainer"]
layout_mode = 2
size_flags_horizontal = 3
size_flags_vertical = 3
stretch = true

[node name="ShaderTexture" type="TextureRect" parent="GridContainer/SubViewportContainer4"]
visible = false
layout_mode = 2
texture = SubResource("ViewportTexture_id0nj")

[node name="SubViewport" type="SubViewport" parent="GridContainer/SubViewportContainer4"]
handle_input_locally = false
size = Vector2i(958, 538)
render_target_update_mode = 4

[node name="Player4" parent="GridContainer/SubViewportContainer4/SubViewport" instance=ExtResource("6_vxd74")]
transform = Transform3D(1, 0, 0, 0, 1, 0, 0, 0, 1, 7.5, 10, 0)

[node name="IconTexture" type="TextureRect" parent="GridContainer/SubViewportContainer4/SubViewport/Player4"]
anchors_preset = 3
anchor_left = 1.0
anchor_top = 1.0
anchor_right = 1.0
anchor_bottom = 1.0
offset_left = -150.0
offset_top = -150.0
grow_horizontal = 0
grow_vertical = 0
expand_mode = 1

[node name="PointsLabel" type="Label" parent="GridContainer/SubViewportContainer4/SubViewport/Player4"]
custom_minimum_size = Vector2(320, 0)
anchors_preset = 3
anchor_left = 1.0
anchor_top = 1.0
anchor_right = 1.0
anchor_bottom = 1.0
offset_left = -79.0
offset_top = -41.0
grow_horizontal = 0
grow_vertical = 0

[node name="MarginContainer" type="MarginContainer" parent="GridContainer/SubViewportContainer4/SubViewport/Player4"]
visible = false
anchors_preset = 3
anchor_left = 1.0
anchor_top = 1.0
anchor_right = 1.0
anchor_bottom = 1.0
offset_left = -40.0
offset_top = -41.0
grow_horizontal = 0
grow_vertical = 0

[node name="CurrItemLabel" type="Label" parent="GridContainer/SubViewportContainer4/SubViewport/Player4/MarginContainer"]
layout_mode = 2

[node name="Items" parent="." instance=ExtResource("6_wc5p8")]

[node name="Level" parent="." instance=ExtResource("6_i5arm")]

[node name="Node3D" type="Node3D" parent="Level" instance=ExtResource("7_6iypd")]
transform = Transform3D(0.96847, 0, -0.249131, 0, 1, 0, 0.249131, 0, 0.96847, 0, 0, 0)
script = ExtResource("8_tereu")
platform_scenes = Array[PackedScene]([ExtResource("18_obt1j")])
randomize_in_editor = true

[node name="@Node3D@22497" type="Node3D" parent="Level" instance=ExtResource("11_imku0")]
transform = Transform3D(-0.584711, 0, 0.811242, 0, 1, 0, -0.811242, 0, -0.584711, 3.13926, 0, -5.52162)
script = ExtResource("8_tereu")
platform_scenes = Array[PackedScene]([ExtResource("12_wlxy5"), ExtResource("13_3v7ru"), ExtResource("22_2yde8")])
randomize_in_editor = true

[node name="@Node3D@22499" type="Node3D" parent="Level" instance=ExtResource("11_imku0")]
transform = Transform3D(-0.0137266, 0, 0.999906, 0, 1, 0, -0.999906, 0, -0.0137266, 2.85224, 0, -12.5934)
script = ExtResource("8_tereu")
platform_scenes = Array[PackedScene]([ExtResource("12_wlxy5"), ExtResource("13_3v7ru"), ExtResource("22_2yde8")])
randomize_in_editor = true

[node name="@Node3D@22501" type="Node3D" parent="Level" instance=ExtResource("7_6iypd")]
transform = Transform3D(-0.882233, 0, 0.470813, 0, 1, 0, -0.470813, 0, -0.882233, 4.50267, 0, -16.0231)
script = ExtResource("8_tereu")
platform_scenes = Array[PackedScene]([ExtResource("18_obt1j")])
randomize_in_editor = true

[node name="@Node3D@22503" type="Node3D" parent="Level" instance=ExtResource("17_nu31w")]
transform = Transform3D(0.899372, 0, -0.437185, 0, 1, 0, 0.437185, 0, 0.899372, 4.90687, 0, -23.1756)
script = ExtResource("8_tereu")
platform_scenes = Array[PackedScene]([ExtResource("12_wlxy5"), ExtResource("13_3v7ru"), ExtResource("22_2yde8")])
randomize_in_editor = true

[node name="@Node3D@22505" type="Node3D" parent="Level" instance=ExtResource("11_imku0")]
transform = Transform3D(-0.504893, 0, -0.863182, 0, 1, 0, 0.863182, 0, -0.504893, 5.57475, 0, -27.5896)
script = ExtResource("8_tereu")
platform_scenes = Array[PackedScene]([ExtResource("9_cdqbm"), ExtResource("10_imku0"), ExtResource("19_obt1j"), ExtResource("9_cdqbm"), ExtResource("10_imku0")])
randomize_in_editor = true

[node name="@Node3D@22507" type="Node3D" parent="Level" instance=ExtResource("17_nu31w")]
transform = Transform3D(0.98049, 0, -0.19657, 0, 1, 0, 0.19657, 0, 0.98049, 6.72138, 0, -32.9441)
script = ExtResource("8_tereu")
platform_scenes = Array[PackedScene]([ExtResource("12_wlxy5"), ExtResource("13_3v7ru"), ExtResource("22_2yde8")])
randomize_in_editor = true

[node name="@Node3D@22509" type="Node3D" parent="Level" instance=ExtResource("11_imku0")]
transform = Transform3D(-0.496129, 0, 0.868249, 0, 1, 0, -0.868249, 0, -0.496129, 6.40431, 0, -35.9042)
script = ExtResource("8_tereu")
platform_scenes = Array[PackedScene]([ExtResource("12_wlxy5"), ExtResource("13_3v7ru"), ExtResource("22_2yde8")])
randomize_in_editor = true

[node name="@Node3D@22511" type="Node3D" parent="Level" instance=ExtResource("17_nu31w")]
transform = Transform3D(0.95467, 0, -0.297665, 0, 1, 0, 0.297665, 0, 0.95467, 8.67725, 0, -40.7627)
script = ExtResource("8_tereu")
platform_scenes = Array[PackedScene]([ExtResource("18_obt1j")])
randomize_in_editor = true

[node name="@Node3D@22513" type="Node3D" parent="Level" instance=ExtResource("17_nu31w")]
transform = Transform3D(-0.29697, 0, 0.954887, 0, 1, 0, -0.954887, 0, -0.29697, 10.0133, 0, -43.8673)
script = ExtResource("8_tereu")
platform_scenes = Array[PackedScene]([ExtResource("18_obt1j")])
randomize_in_editor = true

[node name="@Node3D@22515" type="Node3D" parent="Level" instance=ExtResource("17_nu31w")]
transform = Transform3D(-0.187198, 0, 0.982322, 0, 1, 0, -0.982322, 0, -0.187198, 8.80513, 0, -48.1636)
script = ExtResource("8_tereu")
platform_scenes = Array[PackedScene]([ExtResource("18_obt1j")])
randomize_in_editor = true

[node name="@Node3D@22517" type="Node3D" parent="Level" instance=ExtResource("7_6iypd")]
transform = Transform3D(0.397231, 0, -0.917719, 0, 1, 0, 0.917719, 0, 0.397231, 8.76772, 0, -53.7282)
script = ExtResource("8_tereu")
platform_scenes = Array[PackedScene]([ExtResource("9_cdqbm"), ExtResource("10_imku0"), ExtResource("19_obt1j"), ExtResource("9_cdqbm"), ExtResource("10_imku0")])
randomize_in_editor = true

[node name="@Node3D@22519" type="Node3D" parent="Level" instance=ExtResource("7_6iypd")]
transform = Transform3D(0.847652, 0, 0.530552, 0, 1, 0, -0.530552, 0, 0.847652, 10.4031, 0, -60.619)
script = ExtResource("8_tereu")
platform_scenes = Array[PackedScene]([ExtResource("12_wlxy5"), ExtResource("13_3v7ru"), ExtResource("22_2yde8")])
randomize_in_editor = true

[node name="@Node3D@22521" type="Node3D" parent="Level" instance=ExtResource("7_6iypd")]
transform = Transform3D(0.791035, 0, 0.611771, 0, 1, 0, -0.611771, 0, 0.791035, 7.80004, 0, -66.8465)
script = ExtResource("8_tereu")
platform_scenes = Array[PackedScene]([ExtResource("18_obt1j")])
randomize_in_editor = true

[node name="@Node3D@22523" type="Node3D" parent="Level" instance=ExtResource("11_imku0")]
transform = Transform3D(-0.734313, 0, 0.678811, 0, 1, 0, -0.678811, 0, -0.734313, 8.95614, 0, -72.7102)
script = ExtResource("8_tereu")
platform_scenes = Array[PackedScene]([ExtResource("18_obt1j")])
randomize_in_editor = true

[node name="@Node3D@22525" type="Node3D" parent="Level" instance=ExtResource("11_imku0")]
transform = Transform3D(-0.860745, 0, -0.509037, 0, 1, 0, 0.509037, 0, -0.860745, 8.03753, 0, -77.8865)
script = ExtResource("8_tereu")
platform_scenes = Array[PackedScene]([ExtResource("12_wlxy5"), ExtResource("13_3v7ru"), ExtResource("22_2yde8")])
randomize_in_editor = true

[node name="@Node3D@22527" type="Node3D" parent="Level" instance=ExtResource("7_6iypd")]
transform = Transform3D(0.99121, 0, 0.132295, 0, 1, 0, -0.132295, 0, 0.99121, 6.3512, 0, -80.3259)
script = ExtResource("8_tereu")
platform_scenes = Array[PackedScene]([ExtResource("9_cdqbm"), ExtResource("10_imku0"), ExtResource("19_obt1j"), ExtResource("9_cdqbm"), ExtResource("10_imku0")])
randomize_in_editor = true

[node name="@Node3D@22529" type="Node3D" parent="Level" instance=ExtResource("7_6iypd")]
transform = Transform3D(-0.978291, 0, 0.207237, 0, 1, 0, -0.207237, 0, -0.978291, 8.78531, 0, -84.1574)
script = ExtResource("8_tereu")
platform_scenes = Array[PackedScene]([ExtResource("9_cdqbm"), ExtResource("10_imku0"), ExtResource("19_obt1j"), ExtResource("9_cdqbm"), ExtResource("10_imku0")])
randomize_in_editor = true

[node name="@Node3D@22531" type="Node3D" parent="Level" instance=ExtResource("17_nu31w")]
transform = Transform3D(0.888438, 0, 0.458998, 0, 1, 0, -0.458998, 0, 0.888438, 8.33762, 0, -88.9659)
script = ExtResource("8_tereu")
platform_scenes = Array[PackedScene]([ExtResource("12_wlxy5"), ExtResource("13_3v7ru"), ExtResource("22_2yde8")])
randomize_in_editor = true

[node name="@Node3D@22533" type="Node3D" parent="Level" instance=ExtResource("11_imku0")]
transform = Transform3D(-0.493216, 0, -0.869907, 0, 1, 0, 0.869907, 0, -0.493216, 7.18644, 0, -92.4039)
script = ExtResource("8_tereu")
platform_scenes = Array[PackedScene]([ExtResource("12_wlxy5"), ExtResource("13_3v7ru"), ExtResource("22_2yde8")])
randomize_in_editor = true

[node name="@Node3D@22535" type="Node3D" parent="Level" instance=ExtResource("7_6iypd")]
transform = Transform3D(0.901947, 0, 0.431846, 0, 1, 0, -0.431846, 0, 0.901947, 6.29589, 0, -98.5702)
script = ExtResource("8_tereu")
platform_scenes = Array[PackedScene]([ExtResource("12_wlxy5"), ExtResource("13_3v7ru"), ExtResource("22_2yde8")])
randomize_in_editor = true

[node name="@Node3D@22537" type="Node3D" parent="Level" instance=ExtResource("7_6iypd")]
transform = Transform3D(-0.559649, 0, 0.82873, 0, 1, 0, -0.82873, 0, -0.559649, 4.35134, 0, -105.266)
script = ExtResource("8_tereu")
platform_scenes = Array[PackedScene]([ExtResource("9_cdqbm"), ExtResource("10_imku0"), ExtResource("19_obt1j"), ExtResource("9_cdqbm"), ExtResource("10_imku0")])
randomize_in_editor = true

[node name="@Node3D@22539" type="Node3D" parent="Level" instance=ExtResource("17_nu31w")]
transform = Transform3D(-0.97764, 0, 0.210284, 0, 1, 0, -0.210284, 0, -0.97764, 0.727122, 0, -110.277)
script = ExtResource("8_tereu")
platform_scenes = Array[PackedScene]([ExtResource("18_obt1j")])
randomize_in_editor = true

[node name="@Node3D@22541" type="Node3D" parent="Level" instance=ExtResource("17_nu31w")]
transform = Transform3D(0.843855, 0, -0.536571, 0, 1, 0, 0.536571, 0, 0.843855, 3.07963, 0, -115.146)
script = ExtResource("8_tereu")
platform_scenes = Array[PackedScene]([ExtResource("18_obt1j")])
randomize_in_editor = true

[node name="@Node3D@22543" type="Node3D" parent="Level" instance=ExtResource("7_6iypd")]
transform = Transform3D(-0.968329, 0, -0.249678, 0, 1, 0, 0.249678, 0, -0.968329, 3.52338, 0, -119.026)
script = ExtResource("8_tereu")
platform_scenes = Array[PackedScene]([ExtResource("12_wlxy5"), ExtResource("13_3v7ru"), ExtResource("22_2yde8")])
randomize_in_editor = true

[node name="@Node3D@22545" type="Node3D" parent="Level" instance=ExtResource("17_nu31w")]
transform = Transform3D(0.391323, 0, 0.920253, 0, 1, 0, -0.920253, 0, 0.391323, 0.617084, 0, -125.868)
script = ExtResource("8_tereu")
platform_scenes = Array[PackedScene]([ExtResource("12_wlxy5"), ExtResource("13_3v7ru"), ExtResource("22_2yde8")])
randomize_in_editor = true

[node name="@Node3D@22547" type="Node3D" parent="Level" instance=ExtResource("7_6iypd")]
transform = Transform3D(0.170949, 0, -0.98528, 0, 1, 0, 0.98528, 0, 0.170949, 6.8388, 0, -119.94)
script = ExtResource("8_tereu")
platform_scenes = Array[PackedScene]([ExtResource("9_cdqbm"), ExtResource("10_imku0"), ExtResource("19_obt1j"), ExtResource("9_cdqbm"), ExtResource("10_imku0")])
randomize_in_editor = true

[node name="@Node3D@22549" type="Node3D" parent="Level" instance=ExtResource("17_nu31w")]
transform = Transform3D(-0.514837, 0, 0.857288, 0, 1, 0, -0.857288, 0, -0.514837, 7.8994, 0, -122.831)
script = ExtResource("8_tereu")
platform_scenes = Array[PackedScene]([ExtResource("9_cdqbm"), ExtResource("10_imku0"), ExtResource("19_obt1j"), ExtResource("9_cdqbm"), ExtResource("10_imku0")])
randomize_in_editor = true

[node name="@Node3D@22551" type="Node3D" parent="Level" instance=ExtResource("17_nu31w")]
transform = Transform3D(0.540112, 0, 0.841593, 0, 1, 0, -0.841593, 0, 0.540112, 5.84646, 0, -125.925)
script = ExtResource("8_tereu")
platform_scenes = Array[PackedScene]([ExtResource("12_wlxy5"), ExtResource("13_3v7ru"), ExtResource("22_2yde8")])
randomize_in_editor = true

[node name="@Node3D@22553" type="Node3D" parent="Level" instance=ExtResource("11_imku0")]
transform = Transform3D(0.856786, 0, 0.515673, 0, 1, 0, -0.515673, 0, 0.856786, 7.78138, 0, -102.143)
script = ExtResource("8_tereu")
platform_scenes = Array[PackedScene]([ExtResource("9_cdqbm"), ExtResource("10_imku0"), ExtResource("19_obt1j"), ExtResource("9_cdqbm"), ExtResource("10_imku0")])
randomize_in_editor = true

[node name="@Node3D@22555" type="Node3D" parent="Level" instance=ExtResource("7_6iypd")]
transform = Transform3D(0.943902, 0, -0.330226, 0, 1, 0, 0.330226, 0, 0.943902, 8.51593, 0, -107.894)
script = ExtResource("8_tereu")
platform_scenes = Array[PackedScene]([ExtResource("12_wlxy5"), ExtResource("13_3v7ru"), ExtResource("22_2yde8")])
randomize_in_editor = true

[node name="@Node3D@22557" type="Node3D" parent="Level" instance=ExtResource("7_6iypd")]
transform = Transform3D(0.194012, 0, 0.980999, 0, 1, 0, -0.980999, 0, 0.194012, 5.82412, 0, -111.377)
script = ExtResource("8_tereu")
platform_scenes = Array[PackedScene]([ExtResource("9_cdqbm"), ExtResource("10_imku0"), ExtResource("19_obt1j"), ExtResource("9_cdqbm"), ExtResource("10_imku0")])
randomize_in_editor = true

[node name="@Node3D@22559" type="Node3D" parent="Level" instance=ExtResource("17_nu31w")]
transform = Transform3D(0.410039, 0, -0.912068, 0, 1, 0, 0.912068, 0, 0.410039, 6.81267, 0, -113.785)
script = ExtResource("8_tereu")
platform_scenes = Array[PackedScene]([ExtResource("12_wlxy5"), ExtResource("13_3v7ru"), ExtResource("22_2yde8")])
randomize_in_editor = true

[node name="@Node3D@22561" type="Node3D" parent="Level" instance=ExtResource("17_nu31w")]
transform = Transform3D(0.580483, 0, -0.814273, 0, 1, 0, 0.814273, 0, 0.580483, 7.23466, 0, -116.719)
script = ExtResource("8_tereu")
platform_scenes = Array[PackedScene]([ExtResource("18_obt1j")])
randomize_in_editor = true

[node name="@Node3D@22563" type="Node3D" parent="Level" instance=ExtResource("7_6iypd")]
transform = Transform3D(-0.00221776, 0, -0.999998, 0, 1, 0, 0.999998, 0, -0.00221776, 8.02749, 0, -56.6164)
script = ExtResource("8_tereu")
platform_scenes = Array[PackedScene]([ExtResource("9_cdqbm"), ExtResource("10_imku0"), ExtResource("19_obt1j"), ExtResource("9_cdqbm"), ExtResource("10_imku0")])
randomize_in_editor = true

[node name="@Node3D@22565" type="Node3D" parent="Level" instance=ExtResource("7_6iypd")]
transform = Transform3D(-0.782273, 0, -0.622936, 0, 1, 0, 0.622936, 0, -0.782273, 5.90709, 0, -60.8449)
script = ExtResource("8_tereu")
platform_scenes = Array[PackedScene]([ExtResource("12_wlxy5"), ExtResource("13_3v7ru"), ExtResource("22_2yde8")])
randomize_in_editor = true

[node name="@Node3D@22567" type="Node3D" parent="Level" instance=ExtResource("7_6iypd")]
transform = Transform3D(0.980527, 0, 0.196385, 0, 1, 0, -0.196385, 0, 0.980527, 4.59449, 0, -66.4015)
script = ExtResource("8_tereu")
platform_scenes = Array[PackedScene]([ExtResource("12_wlxy5"), ExtResource("13_3v7ru"), ExtResource("22_2yde8")])
randomize_in_editor = true

[node name="@Node3D@22569" type="Node3D" parent="Level" instance=ExtResource("7_6iypd")]
transform = Transform3D(0.0319169, 0, 0.99949, 0, 1, 0, -0.99949, 0, 0.0319169, 2.48767, 0, -70.1673)
script = ExtResource("8_tereu")
platform_scenes = Array[PackedScene]([ExtResource("12_wlxy5"), ExtResource("13_3v7ru"), ExtResource("22_2yde8")])
randomize_in_editor = true

[node name="@Node3D@22571" type="Node3D" parent="Level" instance=ExtResource("7_6iypd")]
transform = Transform3D(-0.44163, 0, -0.897197, 0, 1, 0, 0.897197, 0, -0.44163, 4.21528, 0, -74.4432)
script = ExtResource("8_tereu")
platform_scenes = Array[PackedScene]([ExtResource("9_cdqbm"), ExtResource("10_imku0"), ExtResource("19_obt1j"), ExtResource("9_cdqbm"), ExtResource("10_imku0")])
randomize_in_editor = true

[node name="@Node3D@22573" type="Node3D" parent="Level" instance=ExtResource("17_nu31w")]
transform = Transform3D(-0.0652599, 0, 0.997868, 0, 1, 0, -0.997868, 0, -0.0652599, 2.18065, 0, -78.8607)
script = ExtResource("8_tereu")
platform_scenes = Array[PackedScene]([ExtResource("18_obt1j")])
randomize_in_editor = true

[node name="@Node3D@22575" type="Node3D" parent="Level" instance=ExtResource("11_imku0")]
transform = Transform3D(0.997603, 0, -0.0691994, 0, 1, 0, 0.0691994, 0, 0.997603, 5.96203, 0, -84.209)
script = ExtResource("8_tereu")
platform_scenes = Array[PackedScene]([ExtResource("18_obt1j")])
randomize_in_editor = true

[node name="@Node3D@22577" type="Node3D" parent="Level" instance=ExtResource("11_imku0")]
transform = Transform3D(-0.999085, 0, -0.0427701, 0, 1, 0, 0.0427701, 0, -0.999085, 5.25644, 0, -87.0643)
script = ExtResource("8_tereu")
platform_scenes = Array[PackedScene]([ExtResource("18_obt1j")])
randomize_in_editor = true

[node name="@Node3D@22579" type="Node3D" parent="Level" instance=ExtResource("7_6iypd")]
transform = Transform3D(0.914264, 0, -0.405119, 0, 1, 0, 0.405119, 0, 0.914264, 4.68488, 0, -43.1458)
script = ExtResource("8_tereu")
platform_scenes = Array[PackedScene]([ExtResource("18_obt1j")])
randomize_in_editor = true

[node name="@Node3D@22581" type="Node3D" parent="Level" instance=ExtResource("7_6iypd")]
transform = Transform3D(0.910001, 0, 0.414605, 0, 1, 0, -0.414605, 0, 0.910001, 3.18843, 0, -45.3774)
script = ExtResource("8_tereu")
platform_scenes = Array[PackedScene]([ExtResource("18_obt1j")])
randomize_in_editor = true

[node name="@Node3D@22583" type="Node3D" parent="Level" instance=ExtResource("11_imku0")]
transform = Transform3D(0.402404, 0, -0.915462, 0, 1, 0, 0.915462, 0, 0.402404, 3.01285, 0, -48.8488)
script = ExtResource("8_tereu")
platform_scenes = Array[PackedScene]([ExtResource("12_wlxy5"), ExtResource("13_3v7ru"), ExtResource("22_2yde8")])
randomize_in_editor = true

[node name="@Node3D@22585" type="Node3D" parent="Level" instance=ExtResource("11_imku0")]
transform = Transform3D(0.899151, 0, 0.437639, 0, 1, 0, -0.437639, 0, 0.899151, 4.07349, 0, -51.1837)
script = ExtResource("8_tereu")
platform_scenes = Array[PackedScene]([ExtResource("12_wlxy5"), ExtResource("13_3v7ru"), ExtResource("22_2yde8")])
randomize_in_editor = true

[node name="@Node3D@22587" type="Node3D" parent="Level" instance=ExtResource("17_nu31w")]
transform = Transform3D(0.839064, 0, -0.544033, 0, 1, 0, 0.544033, 0, 0.839064, 3.18318, 0, -56.3825)
script = ExtResource("8_tereu")
platform_scenes = Array[PackedScene]([ExtResource("9_cdqbm"), ExtResource("10_imku0"), ExtResource("19_obt1j"), ExtResource("9_cdqbm"), ExtResource("10_imku0")])
randomize_in_editor = true

[node name="@Node3D@22589" type="Node3D" parent="Level" instance=ExtResource("11_imku0")]
transform = Transform3D(-0.81991, 0, 0.572492, 0, 1, 0, -0.572492, 0, -0.81991, 6.0531, 0, -39.3091)
script = ExtResource("8_tereu")
platform_scenes = Array[PackedScene]([ExtResource("12_wlxy5"), ExtResource("13_3v7ru"), ExtResource("22_2yde8")])
randomize_in_editor = true

[node name="@Node3D@22591" type="Node3D" parent="Level" instance=ExtResource("11_imku0")]
transform = Transform3D(0.912866, 0, -0.40826, 0, 1, 0, 0.40826, 0, 0.912866, 7.18417, 0, -45.4137)
script = ExtResource("8_tereu")
platform_scenes = Array[PackedScene]([ExtResource("9_cdqbm"), ExtResource("10_imku0"), ExtResource("19_obt1j"), ExtResource("9_cdqbm"), ExtResource("10_imku0")])
randomize_in_editor = true

[node name="@Node3D@22593" type="Node3D" parent="Level" instance=ExtResource("7_6iypd")]
transform = Transform3D(-0.0367063, 0, -0.999326, 0, 1, 0, 0.999326, 0, -0.0367063, 8.40959, 0, -28.6663)
script = ExtResource("8_tereu")
platform_scenes = Array[PackedScene]([ExtResource("9_cdqbm"), ExtResource("10_imku0"), ExtResource("19_obt1j"), ExtResource("9_cdqbm"), ExtResource("10_imku0")])
randomize_in_editor = true

[node name="@Node3D@22595" type="Node3D" parent="Level" instance=ExtResource("7_6iypd")]
transform = Transform3D(-0.490947, 0, 0.871189, 0, 1, 0, -0.871189, 0, -0.490947, 4.47658, 0, -34.0622)
script = ExtResource("8_tereu")
platform_scenes = Array[PackedScene]([ExtResource("9_cdqbm"), ExtResource("10_imku0"), ExtResource("19_obt1j"), ExtResource("9_cdqbm"), ExtResource("10_imku0")])
randomize_in_editor = true

[node name="@Node3D@22597" type="Node3D" parent="Level" instance=ExtResource("7_6iypd")]
transform = Transform3D(-0.95742, 0, -0.288698, 0, 1, 0, 0.288698, 0, -0.95742, 2.5, 0, 0)
script = ExtResource("8_tereu")
platform_scenes = Array[PackedScene]([ExtResource("9_cdqbm"), ExtResource("10_imku0"), ExtResource("19_obt1j"), ExtResource("9_cdqbm"), ExtResource("10_imku0")])
randomize_in_editor = true

[node name="@Node3D@22599" type="Node3D" parent="Level" instance=ExtResource("17_nu31w")]
transform = Transform3D(-0.994712, 0, -0.102703, 0, 1, 0, 0.102703, 0, -0.994712, 7.54414, 0, -5.34598)
script = ExtResource("8_tereu")
platform_scenes = Array[PackedScene]([ExtResource("9_cdqbm"), ExtResource("10_imku0"), ExtResource("19_obt1j"), ExtResource("9_cdqbm"), ExtResource("10_imku0")])
randomize_in_editor = true

[node name="@Node3D@22601" type="Node3D" parent="Level" instance=ExtResource("7_6iypd")]
transform = Transform3D(0.239999, 0, 0.970773, 0, 1, 0, -0.970773, 0, 0.239999, 7.71507, 0, -11.5229)
script = ExtResource("8_tereu")
platform_scenes = Array[PackedScene]([ExtResource("12_wlxy5"), ExtResource("13_3v7ru"), ExtResource("22_2yde8")])
randomize_in_editor = true

[node name="@Node3D@22603" type="Node3D" parent="Level" instance=ExtResource("7_6iypd")]
transform = Transform3D(-0.936795, 0, -0.34988, 0, 1, 0, 0.34988, 0, -0.936795, 11.7345, 0, -15.9465)
script = ExtResource("8_tereu")
platform_scenes = Array[PackedScene]([ExtResource("9_cdqbm"), ExtResource("10_imku0"), ExtResource("19_obt1j"), ExtResource("9_cdqbm"), ExtResource("10_imku0")])
randomize_in_editor = true

[node name="@Node3D@22605" type="Node3D" parent="Level" instance=ExtResource("17_nu31w")]
transform = Transform3D(-0.307943, 0, -0.951405, 0, 1, 0, 0.951405, 0, -0.307943, 9.03475, 0, -18.7515)
script = ExtResource("8_tereu")
platform_scenes = Array[PackedScene]([ExtResource("12_wlxy5"), ExtResource("13_3v7ru"), ExtResource("22_2yde8")])
randomize_in_editor = true

[node name="@Node3D@22607" type="Node3D" parent="Level" instance=ExtResource("17_nu31w")]
transform = Transform3D(0.910235, 0, -0.414093, 0, 1, 0, 0.414093, 0, 0.910235, 10.7876, 0, -21.3941)
script = ExtResource("8_tereu")
platform_scenes = Array[PackedScene]([ExtResource("12_wlxy5"), ExtResource("13_3v7ru"), ExtResource("22_2yde8")])
randomize_in_editor = true

[node name="@Node3D@22609" type="Node3D" parent="Level" instance=ExtResource("17_nu31w")]
transform = Transform3D(-0.639039, 0, 0.769175, 0, 1, 0, -0.769175, 0, -0.639039, 8.22638, 0, -25.9924)
script = ExtResource("8_tereu")
platform_scenes = Array[PackedScene]([ExtResource("12_wlxy5"), ExtResource("13_3v7ru"), ExtResource("22_2yde8")])
randomize_in_editor = true

[node name="@Node3D@22611" type="Node3D" parent="Level" instance=ExtResource("7_6iypd")]
transform = Transform3D(0.506751, 0, -0.862093, 0, 1, 0, 0.862093, 0, 0.506751, 8.54518, 0, -23.4945)
script = ExtResource("8_tereu")
platform_scenes = Array[PackedScene]([ExtResource("9_cdqbm"), ExtResource("10_imku0"), ExtResource("19_obt1j"), ExtResource("9_cdqbm"), ExtResource("10_imku0")])
randomize_in_editor = true

[node name="@Node3D@22613" type="Node3D" parent="Level" instance=ExtResource("11_imku0")]
transform = Transform3D(-0.797632, 0, -0.603144, 0, 1, 0, 0.603144, 0, -0.797632, 6.19361, 0, -18.7972)
script = ExtResource("8_tereu")
platform_scenes = Array[PackedScene]([ExtResource("9_cdqbm"), ExtResource("10_imku0"), ExtResource("19_obt1j"), ExtResource("9_cdqbm"), ExtResource("10_imku0")])
randomize_in_editor = true

[node name="@Node3D@22615" type="Node3D" parent="Level" instance=ExtResource("17_nu31w")]
transform = Transform3D(0.873032, 0, 0.487663, 0, 1, 0, -0.487663, 0, 0.873032, 5, 0, 0)
script = ExtResource("8_tereu")
platform_scenes = Array[PackedScene]([ExtResource("18_obt1j")])
randomize_in_editor = true

[node name="@Node3D@22617" type="Node3D" parent="Level" instance=ExtResource("7_6iypd")]
transform = Transform3D(-0.165018, 0, 0.986291, 0, 1, 0, -0.986291, 0, -0.165018, 7.5, 0, 0)
script = ExtResource("8_tereu")
platform_scenes = Array[PackedScene]([ExtResource("12_wlxy5"), ExtResource("13_3v7ru"), ExtResource("22_2yde8")])
randomize_in_editor = true

[node name="@Node3D@22619" type="Node3D" parent="Level" instance=ExtResource("17_nu31w")]
transform = Transform3D(-0.231446, 0, -0.972848, 0, 1, 0, 0.972848, 0, -0.231446, 0, 0, -256)
script = ExtResource("8_tereu")
platform_scenes = Array[PackedScene]([ExtResource("12_wlxy5"), ExtResource("13_3v7ru"), ExtResource("22_2yde8")])
randomize_in_editor = true

[node name="@Node3D@22621" type="Node3D" parent="Level" instance=ExtResource("11_imku0")]
