[gd_scene load_steps=33 format=3 uid="uid://3f7k8dolqfhh"]

[ext_resource type="PackedScene" uid="uid://g4tbrr3sfui2" path="res://player.tscn" id="1_a202f"]
[ext_resource type="Script" uid="uid://b85s3xfg6xv8i" path="res://game_manager.gd" id="1_tereu"]
[ext_resource type="FontFile" uid="uid://decj3qo5pg26d" path="res://kirifont/KiriFont.otf" id="2_cdqbm"]
[ext_resource type="LabelSettings" uid="uid://b32jxxg8k3j45" path="res://custom.tres" id="2_tereu"]
[ext_resource type="LabelSettings" uid="uid://c2fbmgdggtmr8" path="res://leaderboard.tres" id="4_imku0"]
[ext_resource type="PackedScene" uid="uid://o6nh6fno5b0d" path="res://level/level.tscn" id="6_i5arm"]
[ext_resource type="PackedScene" uid="uid://berc3ktdu00jq" path="res://water_grid.tscn" id="6_jsk3o"]
[ext_resource type="PackedScene" uid="uid://cloxm7yrf3dau" path="res://player4.tscn" id="6_vxd74"]
[ext_resource type="PackedScene" uid="uid://6kx5nm2ecru" path="res://items/generators/items.tscn" id="6_wc5p8"]
[ext_resource type="PackedScene" uid="uid://bgowpuve5rom4" path="res://level/1x1/1x1.tscn" id="7_6iypd"]
[ext_resource type="PackedScene" uid="uid://cwjt7a54ooioq" path="res://player3.tscn" id="7_dhlwf"]
[ext_resource type="PackedScene" uid="uid://oa4gk1w85htb" path="res://kill_zone.tscn" id="7_wc5p8"]
[ext_resource type="PackedScene" uid="uid://685x3hhuvr5l" path="res://player2.tscn" id="8_5t8nk"]
[ext_resource type="Script" uid="uid://4ohwjxvwlf14" path="res://scripts/random_platform.gd" id="8_tereu"]
[ext_resource type="PackedScene" uid="uid://bau54xbcyquty" path="res://goal.tscn" id="9_4arys"]
[ext_resource type="PackedScene" uid="uid://evotmterwgic" path="res://level/1x1/0.tscn" id="9_cdqbm"]
[ext_resource type="PackedScene" uid="uid://bq3jgcl0fepk2" path="res://level/1x1/1.tscn" id="10_imku0"]
[ext_resource type="PackedScene" uid="uid://bct2vsr7ymxi4" path="res://level/2x2/2x2.tscn" id="11_imku0"]
[ext_resource type="PackedScene" uid="uid://l2l3mvvrqhsu" path="res://level/2x2/0.tscn" id="12_wlxy5"]
[ext_resource type="PackedScene" uid="uid://da3dp6rlapf65" path="res://level/2x2/1.tscn" id="13_3v7ru"]
[ext_resource type="PackedScene" uid="uid://ck51bdne8ldwv" path="res://island.tscn" id="14_wlxy5"]
[ext_resource type="PackedScene" uid="uid://bpulflnw0vw5l" path="res://level/2x1/2x1.tscn" id="17_nu31w"]
[ext_resource type="PackedScene" uid="uid://dviuybxhwu1ho" path="res://level/2x1/0.tscn" id="18_obt1j"]
[ext_resource type="PackedScene" uid="uid://gof5kolddo3a" path="res://level/1x1/2.tscn" id="19_obt1j"]
[ext_resource type="PackedScene" uid="uid://bsmlem37lo4th" path="res://level/2x2/2.tscn" id="22_2yde8"]
[ext_resource type="PackedScene" uid="uid://csmc4dfieimjx" path="res://meshes/Startplatform/Startingplatform.tscn" id="24_dhlwf"]

[sub_resource type="LabelSettings" id="LabelSettings_cdqbm"]
font = ExtResource("2_cdqbm")
font_size = 300
outline_size = 40
outline_color = Color(0, 0, 0, 1)

[sub_resource type="StyleBoxFlat" id="StyleBoxFlat_cdqbm"]
bg_color = Color(7.52043e-08, 0.0590926, 0.150703, 0.411765)

[sub_resource type="ProceduralSkyMaterial" id="ProceduralSkyMaterial_noarx"]

[sub_resource type="Sky" id="Sky_noarx"]
sky_material = SubResource("ProceduralSkyMaterial_noarx")

[sub_resource type="Environment" id="Environment_a0tk4"]
background_mode = 2
background_energy_multiplier = 2.5
sky = SubResource("Sky_noarx")

[sub_resource type="CameraAttributesPractical" id="CameraAttributesPractical_noarx"]

[node name="Game" type="Node3D"]

[node name="GameManager" type="Node" parent="."]
script = ExtResource("1_tereu")

[node name="CanvasLayer" type="CanvasLayer" parent="GameManager"]
layer = 100

[node name="SharedLabel" type="Label" parent="GameManager/CanvasLayer"]
custom_minimum_size = Vector2(400, 400)
anchors_preset = 8
anchor_left = 0.5
anchor_top = 0.5
anchor_right = 0.5
anchor_bottom = 0.5
offset_left = -960.0
offset_top = -540.0
offset_right = 960.0
offset_bottom = 540.0
grow_horizontal = 2
grow_vertical = 2
pivot_offset = Vector2(960, 540)
size_flags_vertical = 1
theme_override_font_sizes/font_size = 50
label_settings = ExtResource("2_tereu")
horizontal_alignment = 1
vertical_alignment = 1
autowrap_mode = 2
metadata/_edit_use_anchors_ = true

[node name="SharedLabel2" type="Label" parent="GameManager/CanvasLayer"]
custom_minimum_size = Vector2(2000, 1200)
anchors_preset = 8
anchor_left = 0.5
anchor_top = 0.5
anchor_right = 0.5
anchor_bottom = 0.5
offset_left = -1000.0
offset_top = -600.0
offset_right = 1000.0
offset_bottom = 600.0
grow_horizontal = 2
grow_vertical = 2
size_flags_vertical = 1
text = " "
label_settings = SubResource("LabelSettings_cdqbm")
horizontal_alignment = 1
vertical_alignment = 1
autowrap_mode = 2
metadata/_edit_use_anchors_ = true

[node name="opacity" type="Panel" parent="GameManager/CanvasLayer"]
visible = false
anchors_preset = 15
anchor_right = 1.0
anchor_bottom = 1.0
grow_horizontal = 2
grow_vertical = 2
size_flags_horizontal = 4
size_flags_vertical = 4
theme_override_styles/panel = SubResource("StyleBoxFlat_cdqbm")

[node name="Leaderboard" type="Panel" parent="GameManager/CanvasLayer/opacity"]
custom_minimum_size = Vector2(500, 500)
layout_mode = 1
anchors_preset = 8
anchor_left = 0.5
anchor_top = 0.5
anchor_right = 0.5
anchor_bottom = 0.5
offset_left = -250.0
offset_top = -250.0
offset_right = 250.0
offset_bottom = 250.0
grow_horizontal = 2
grow_vertical = 2

[node name="VBoxContainer" type="VBoxContainer" parent="GameManager/CanvasLayer/opacity/Leaderboard"]
layout_mode = 1
anchors_preset = 15
anchor_right = 1.0
anchor_bottom = 1.0
grow_horizontal = 2
grow_vertical = 2
theme_override_constants/separation = 20

[node name="Score1st" type="Label" parent="GameManager/CanvasLayer/opacity/Leaderboard/VBoxContainer"]
custom_minimum_size = Vector2(100, 100)
layout_mode = 2
size_flags_vertical = 3
label_settings = ExtResource("4_imku0")
horizontal_alignment = 1
vertical_alignment = 1
autowrap_mode = 2

[node name="Score2nd" type="Label" parent="GameManager/CanvasLayer/opacity/Leaderboard/VBoxContainer"]
custom_minimum_size = Vector2(100, 100)
layout_mode = 2
size_flags_vertical = 3
label_settings = ExtResource("4_imku0")
horizontal_alignment = 1
vertical_alignment = 1
autowrap_mode = 2

[node name="Score3rd" type="Label" parent="GameManager/CanvasLayer/opacity/Leaderboard/VBoxContainer"]
custom_minimum_size = Vector2(100, 100)
layout_mode = 2
size_flags_vertical = 3
label_settings = ExtResource("4_imku0")
horizontal_alignment = 1
vertical_alignment = 1
autowrap_mode = 2

[node name="Score4th" type="Label" parent="GameManager/CanvasLayer/opacity/Leaderboard/VBoxContainer"]
custom_minimum_size = Vector2(100, 100)
layout_mode = 2
size_flags_vertical = 3
label_settings = ExtResource("4_imku0")
horizontal_alignment = 1
vertical_alignment = 1
autowrap_mode = 2

[node name="Leaderboard2" type="Panel" parent="GameManager/CanvasLayer/opacity"]
visible = false
custom_minimum_size = Vector2(1000, 150)
layout_mode = 1
anchors_preset = 8
anchor_left = 0.5
anchor_top = 0.5
anchor_right = 0.5
anchor_bottom = 0.5
offset_left = -500.0
offset_top = 140.0
offset_right = 500.0
offset_bottom = 290.0
grow_horizontal = 2
grow_vertical = 2

[node name="MarginContainer" type="MarginContainer" parent="GameManager/CanvasLayer/opacity/Leaderboard2"]
layout_mode = 1
anchors_preset = 15
anchor_right = 1.0
anchor_bottom = 1.0
grow_horizontal = 2
grow_vertical = 2
theme_override_constants/margin_left = 30
theme_override_constants/margin_top = 30
theme_override_constants/margin_right = 30
theme_override_constants/margin_bottom = 30

[node name="HBoxContainer" type="HBoxContainer" parent="GameManager/CanvasLayer/opacity/Leaderboard2/MarginContainer"]
custom_minimum_size = Vector2(1000, 0)
layout_mode = 2
theme_override_constants/separation = 100

[node name="Options" type="Button" parent="GameManager/CanvasLayer/opacity/Leaderboard2/MarginContainer/HBoxContainer"]
layout_mode = 2
size_flags_horizontal = 3
size_flags_vertical = 3
theme_override_fonts/font = ExtResource("2_cdqbm")
theme_override_font_sizes/font_size = 50
text = "Options"

[node name="StartGame" type="Button" parent="GameManager/CanvasLayer/opacity/Leaderboard2/MarginContainer/HBoxContainer"]
layout_mode = 2
size_flags_horizontal = 3
size_flags_vertical = 3
theme_override_fonts/font = ExtResource("2_cdqbm")
theme_override_font_sizes/font_size = 50
text = "Restart"

[node name="Quit" type="Button" parent="GameManager/CanvasLayer/opacity/Leaderboard2/MarginContainer/HBoxContainer"]
layout_mode = 2
size_flags_horizontal = 3
size_flags_vertical = 3
theme_override_fonts/font = ExtResource("2_cdqbm")
theme_override_font_sizes/font_size = 50
text = "quit"

[node name="DirectionalLight3D" type="DirectionalLight3D" parent="."]
transform = Transform3D(-0.534213, -0.815404, -0.223011, -0.284691, -0.0748638, 0.955692, -0.79597, 0.574032, -0.192145, -4.2404, 11.0469, -3.46405)
shadow_enabled = true

[node name="WorldEnvironment" type="WorldEnvironment" parent="."]
environment = SubResource("Environment_a0tk4")
camera_attributes = SubResource("CameraAttributesPractical_noarx")

[node name="GridContainer" type="GridContainer" parent="."]
anchors_preset = 15
anchor_right = 1.0
anchor_bottom = 1.0
grow_horizontal = 2
grow_vertical = 2
columns = 2

[node name="SubViewportContainer" type="SubViewportContainer" parent="GridContainer"]
layout_mode = 2
size_flags_horizontal = 3
size_flags_vertical = 3
stretch = true

[node name="SubViewport" type="SubViewport" parent="GridContainer/SubViewportContainer"]
handle_input_locally = false
size = Vector2i(2, 2)
render_target_update_mode = 4

[node name="Player" parent="GridContainer/SubViewportContainer/SubViewport" instance=ExtResource("1_a202f")]
transform = Transform3D(1, 0, 0, 0, 1, 0, 0, 0, 1, 0, 10, 0)
axis_lock_angular_y = true

[node name="IconTexture" type="TextureRect" parent="GridContainer/SubViewportContainer/SubViewport/Player"]
offset_right = 150.0
offset_bottom = 150.0
expand_mode = 1

[node name="PointsLabel" type="Label" parent="GridContainer/SubViewportContainer/SubViewport/Player"]
anchors_preset = 2
anchor_top = 1.0
anchor_bottom = 1.0
offset_top = -23.0
offset_right = 79.0
grow_vertical = 0

[node name="MarginContainer" type="MarginContainer" parent="GridContainer/SubViewportContainer/SubViewport/Player"]
visible = false
offset_left = 20.0
offset_top = 20.0
offset_right = 60.0
offset_bottom = 61.0

[node name="CurrItemLabel" type="Label" parent="GridContainer/SubViewportContainer/SubViewport/Player/MarginContainer"]
layout_mode = 2

[node name="SubViewportContainer2" type="SubViewportContainer" parent="GridContainer"]
layout_mode = 2
size_flags_horizontal = 3
size_flags_vertical = 3
stretch = true

[node name="SubViewport" type="SubViewport" parent="GridContainer/SubViewportContainer2"]
handle_input_locally = false
size = Vector2i(2, 2)
render_target_update_mode = 4

[node name="Player2" parent="GridContainer/SubViewportContainer2/SubViewport" instance=ExtResource("8_5t8nk")]
transform = Transform3D(1, 0, 0, 0, 1, 0, 0, 0, 1, 2.5, 10, 0)

[node name="PointsLabel" type="Label" parent="GridContainer/SubViewportContainer2/SubViewport/Player2"]
anchors_preset = 3
anchor_left = 1.0
anchor_top = 1.0
anchor_right = 1.0
anchor_bottom = 1.0
offset_left = -79.0
offset_top = -41.0
grow_horizontal = 0
grow_vertical = 0

[node name="MarginContainer" type="MarginContainer" parent="GridContainer/SubViewportContainer2/SubViewport/Player2"]
visible = false
anchors_preset = 1
anchor_left = 1.0
anchor_right = 1.0
offset_left = -40.0
offset_bottom = 41.0
grow_horizontal = 0

[node name="CurrItemLabel" type="Label" parent="GridContainer/SubViewportContainer2/SubViewport/Player2/MarginContainer"]
layout_mode = 2

[node name="IconTexture" type="TextureRect" parent="GridContainer/SubViewportContainer2/SubViewport/Player2"]
anchors_preset = 1
anchor_left = 1.0
anchor_right = 1.0
offset_left = -150.0
offset_bottom = 150.0
grow_horizontal = 0
expand_mode = 1

[node name="SubViewportContainer3" type="SubViewportContainer" parent="GridContainer"]
layout_mode = 2
size_flags_horizontal = 3
size_flags_vertical = 3
stretch = true

[node name="SubViewport" type="SubViewport" parent="GridContainer/SubViewportContainer3"]
handle_input_locally = false
size = Vector2i(2, 2)
render_target_update_mode = 4

[node name="Player3" parent="GridContainer/SubViewportContainer3/SubViewport" instance=ExtResource("7_dhlwf")]
transform = Transform3D(1, 0, 0, 0, 1, 0, 0, 0, 1, 5, 10, 0)

[node name="IconTexture" type="TextureRect" parent="GridContainer/SubViewportContainer3/SubViewport/Player3"]
anchors_preset = 2
anchor_top = 1.0
anchor_bottom = 1.0
offset_top = -150.0
offset_right = 150.0
grow_vertical = 0
expand_mode = 1

[node name="PointsLabel" type="Label" parent="GridContainer/SubViewportContainer3/SubViewport/Player3"]
anchors_preset = 2
anchor_top = 1.0
anchor_bottom = 1.0
offset_top = -41.0
offset_right = 79.0
grow_vertical = 0

[node name="MarginContainer" type="MarginContainer" parent="GridContainer/SubViewportContainer3/SubViewport/Player3"]
visible = false
anchors_preset = 2
anchor_top = 1.0
anchor_bottom = 1.0
offset_top = -41.0
offset_right = 40.0
grow_vertical = 0

[node name="CurrItemLabel" type="Label" parent="GridContainer/SubViewportContainer3/SubViewport/Player3/MarginContainer"]
layout_mode = 2

[node name="SubViewportContainer4" type="SubViewportContainer" parent="GridContainer"]
layout_mode = 2
size_flags_horizontal = 3
size_flags_vertical = 3
stretch = true

[node name="SubViewport" type="SubViewport" parent="GridContainer/SubViewportContainer4"]
handle_input_locally = false
size = Vector2i(2, 2)
render_target_update_mode = 4

[node name="Player4" parent="GridContainer/SubViewportContainer4/SubViewport" instance=ExtResource("6_vxd74")]
transform = Transform3D(1, 0, 0, 0, 1, 0, 0, 0, 1, 7.5, 10, 0)

[node name="IconTexture" type="TextureRect" parent="GridContainer/SubViewportContainer4/SubViewport/Player4"]
anchors_preset = 3
anchor_left = 1.0
anchor_top = 1.0
anchor_right = 1.0
anchor_bottom = 1.0
offset_left = -150.0
offset_top = -150.0
grow_horizontal = 0
grow_vertical = 0
expand_mode = 1

[node name="PointsLabel" type="Label" parent="GridContainer/SubViewportContainer4/SubViewport/Player4"]
anchors_preset = 3
anchor_left = 1.0
anchor_top = 1.0
anchor_right = 1.0
anchor_bottom = 1.0
offset_left = -79.0
offset_top = -41.0
grow_horizontal = 0
grow_vertical = 0

[node name="MarginContainer" type="MarginContainer" parent="GridContainer/SubViewportContainer4/SubViewport/Player4"]
visible = false
anchors_preset = 3
anchor_left = 1.0
anchor_top = 1.0
anchor_right = 1.0
anchor_bottom = 1.0
offset_left = -40.0
offset_top = -41.0
grow_horizontal = 0
grow_vertical = 0

[node name="CurrItemLabel" type="Label" parent="GridContainer/SubViewportContainer4/SubViewport/Player4/MarginContainer"]
layout_mode = 2

[node name="Items" parent="." instance=ExtResource("6_wc5p8")]

[node name="Level" parent="." instance=ExtResource("6_i5arm")]

[node name="Node3D" type="Node3D" parent="Level" instance=ExtResource("11_imku0")]
transform = Transform3D(0.00494193, 0, -0.999988, 0, 1, 0, 0.999988, 0, 0.00494193, 0, 0, 0)
script = ExtResource("8_tereu")
platform_scenes = Array[PackedScene]([ExtResource("12_wlxy5"), ExtResource("13_3v7ru"), ExtResource("22_2yde8")])
randomize_in_editor = true

[node name="@Node3D@22368" type="Node3D" parent="Level" instance=ExtResource("11_imku0")]
transform = Transform3D(-0.89021, 0, -0.455551, 0, 1, 0, 0.455551, 0, -0.89021, -2.03184, 0, -6.29531)
script = ExtResource("8_tereu")
platform_scenes = Array[PackedScene]([ExtResource("12_wlxy5"), ExtResource("13_3v7ru"), ExtResource("22_2yde8")])
randomize_in_editor = true

[node name="@Node3D@22370" type="Node3D" parent="Level" instance=ExtResource("7_6iypd")]
transform = Transform3D(-0.874534, 0, -0.484963, 0, 1, 0, 0.484963, 0, -0.874534, -2.63195, 0, -9.74308)
script = ExtResource("8_tereu")
platform_scenes = Array[PackedScene]([ExtResource("9_cdqbm"), ExtResource("10_imku0"), ExtResource("19_obt1j"), ExtResource("9_cdqbm"), ExtResource("10_imku0")])
randomize_in_editor = true

[node name="@Node3D@22372" type="Node3D" parent="Level" instance=ExtResource("11_imku0")]
transform = Transform3D(-0.508249, 0, 0.86121, 0, 1, 0, -0.86121, 0, -0.508249, -2.92321, 0, -12.8705)
script = ExtResource("8_tereu")
platform_scenes = Array[PackedScene]([ExtResource("12_wlxy5"), ExtResource("13_3v7ru"), ExtResource("22_2yde8")])
randomize_in_editor = true

[node name="@Node3D@22374" type="Node3D" parent="Level" instance=ExtResource("11_imku0")]
transform = Transform3D(0.744768, 0, 0.667323, 0, 1, 0, -0.667323, 0, 0.744768, -7.21804, 0, -17.8316)
script = ExtResource("8_tereu")
platform_scenes = Array[PackedScene]([ExtResource("12_wlxy5"), ExtResource("13_3v7ru"), ExtResource("22_2yde8")])
randomize_in_editor = true

[node name="@Node3D@22376" type="Node3D" parent="Level" instance=ExtResource("17_nu31w")]
transform = Transform3D(0.0301821, 0, -0.999544, 0, 1, 0, 0.999544, 0, 0.0301821, -6.85149, 0, -23.1461)
script = ExtResource("8_tereu")
platform_scenes = Array[PackedScene]([ExtResource("18_obt1j")])
randomize_in_editor = true

[node name="@Node3D@22378" type="Node3D" parent="Level" instance=ExtResource("7_6iypd")]
transform = Transform3D(-0.325226, 0, 0.945636, 0, 1, 0, -0.945636, 0, -0.325226, -9.23125, 0, -27.6109)
script = ExtResource("8_tereu")
platform_scenes = Array[PackedScene]([ExtResource("9_cdqbm"), ExtResource("10_imku0"), ExtResource("19_obt1j"), ExtResource("9_cdqbm"), ExtResource("10_imku0")])
randomize_in_editor = true

[node name="@Node3D@22380" type="Node3D" parent="Level" instance=ExtResource("7_6iypd")]
transform = Transform3D(-0.921965, 0, 0.387272, 0, 1, 0, -0.387272, 0, -0.921965, -4.97123, 0, -32.5717)
script = ExtResource("8_tereu")
platform_scenes = Array[PackedScene]([ExtResource("9_cdqbm"), ExtResource("10_imku0"), ExtResource("19_obt1j"), ExtResource("9_cdqbm"), ExtResource("10_imku0")])
randomize_in_editor = true

[node name="@Node3D@22382" type="Node3D" parent="Level" instance=ExtResource("17_nu31w")]
transform = Transform3D(-0.892274, 0, 0.451494, 0, 1, 0, -0.451494, 0, -0.892274, -9.56862, 0, -37.9694)
script = ExtResource("8_tereu")
platform_scenes = Array[PackedScene]([ExtResource("18_obt1j")])
randomize_in_editor = true

[node name="@Node3D@22384" type="Node3D" parent="Level" instance=ExtResource("7_6iypd")]
transform = Transform3D(0.227411, 0, -0.973799, 0, 1, 0, 0.973799, 0, 0.227411, -11.4476, 0, -40.1413)
script = ExtResource("8_tereu")
platform_scenes = Array[PackedScene]([ExtResource("9_cdqbm"), ExtResource("10_imku0"), ExtResource("19_obt1j"), ExtResource("9_cdqbm"), ExtResource("10_imku0")])
randomize_in_editor = true

[node name="@Node3D@22386" type="Node3D" parent="Level" instance=ExtResource("11_imku0")]
transform = Transform3D(-0.554137, 0, -0.832425, 0, 1, 0, 0.832425, 0, -0.554137, -9.46361, 0, -47.0688)
script = ExtResource("8_tereu")
platform_scenes = Array[PackedScene]([ExtResource("12_wlxy5"), ExtResource("13_3v7ru"), ExtResource("22_2yde8")])
randomize_in_editor = true

[node name="@Node3D@22388" type="Node3D" parent="Level" instance=ExtResource("11_imku0")]
transform = Transform3D(-0.803132, 0, -0.595801, 0, 1, 0, 0.595801, 0, -0.803132, -5.93373, 0, -52.0699)
script = ExtResource("8_tereu")
platform_scenes = Array[PackedScene]([ExtResource("12_wlxy5"), ExtResource("13_3v7ru"), ExtResource("22_2yde8")])
randomize_in_editor = true

[node name="@Node3D@22390" type="Node3D" parent="Level" instance=ExtResource("17_nu31w")]
transform = Transform3D(-0.999957, 0, 0.00926258, 0, 1, 0, -0.00926258, 0, -0.999957, -2.54465, 0, -55.5721)
script = ExtResource("8_tereu")
platform_scenes = Array[PackedScene]([ExtResource("18_obt1j")])
randomize_in_editor = true

[node name="@Node3D@22392" type="Node3D" parent="Level" instance=ExtResource("11_imku0")]
transform = Transform3D(0.973047, 0, 0.230607, 0, 1, 0, -0.230607, 0, 0.973047, -5.64286, 0, -60.7414)
script = ExtResource("8_tereu")
platform_scenes = Array[PackedScene]([ExtResource("12_wlxy5"), ExtResource("13_3v7ru"), ExtResource("22_2yde8")])
randomize_in_editor = true

[node name="@Node3D@22394" type="Node3D" parent="Level" instance=ExtResource("17_nu31w")]
transform = Transform3D(-0.781465, 0, -0.623949, 0, 1, 0, 0.623949, 0, -0.781465, -1.04399, 0, -66.3773)
script = ExtResource("8_tereu")
platform_scenes = Array[PackedScene]([ExtResource("18_obt1j")])
randomize_in_editor = true

[node name="@Node3D@22396" type="Node3D" parent="Level" instance=ExtResource("7_6iypd")]
transform = Transform3D(0.0230041, 0, 0.999735, 0, 1, 0, -0.999735, 0, 0.0230041, 0.596262, 0, -71.5768)
script = ExtResource("8_tereu")
platform_scenes = Array[PackedScene]([ExtResource("9_cdqbm"), ExtResource("10_imku0"), ExtResource("19_obt1j"), ExtResource("9_cdqbm"), ExtResource("10_imku0")])
randomize_in_editor = true

[node name="@Node3D@22398" type="Node3D" parent="Level" instance=ExtResource("11_imku0")]
transform = Transform3D(-0.602188, 0, -0.798355, 0, 1, 0, 0.798355, 0, -0.602188, -0.870979, 0, -75.0245)
script = ExtResource("8_tereu")
platform_scenes = Array[PackedScene]([ExtResource("12_wlxy5"), ExtResource("13_3v7ru"), ExtResource("22_2yde8")])
randomize_in_editor = true

[node name="@Node3D@22400" type="Node3D" parent="Level" instance=ExtResource("11_imku0")]
transform = Transform3D(-0.43562, 0, -0.90013, 0, 1, 0, 0.90013, 0, -0.43562, -2.27702, 0, -79.7375)
script = ExtResource("8_tereu")
platform_scenes = Array[PackedScene]([ExtResource("12_wlxy5"), ExtResource("13_3v7ru"), ExtResource("22_2yde8")])
randomize_in_editor = true

[node name="@Node3D@22402" type="Node3D" parent="Level" instance=ExtResource("11_imku0")]
transform = Transform3D(0.497752, 0, 0.867319, 0, 1, 0, -0.867319, 0, 0.497752, -6.88156, 0, -85.0913)
script = ExtResource("8_tereu")
platform_scenes = Array[PackedScene]([ExtResource("12_wlxy5"), ExtResource("13_3v7ru"), ExtResource("22_2yde8")])
randomize_in_editor = true

[node name="@Node3D@22404" type="Node3D" parent="Level" instance=ExtResource("7_6iypd")]
transform = Transform3D(-0.198334, 0, 0.980135, 0, 1, 0, -0.980135, 0, -0.198334, -2.86669, 0, -90.1011)
script = ExtResource("8_tereu")
platform_scenes = Array[PackedScene]([ExtResource("9_cdqbm"), ExtResource("10_imku0"), ExtResource("19_obt1j"), ExtResource("9_cdqbm"), ExtResource("10_imku0")])
randomize_in_editor = true

[node name="@Node3D@22406" type="Node3D" parent="Level" instance=ExtResource("11_imku0")]
transform = Transform3D(-0.381802, 0, 0.924244, 0, 1, 0, -0.924244, 0, -0.381802, -3.56867, 0, -97.5217)
script = ExtResource("8_tereu")
platform_scenes = Array[PackedScene]([ExtResource("12_wlxy5"), ExtResource("13_3v7ru"), ExtResource("22_2yde8")])
randomize_in_editor = true

[node name="@Node3D@22408" type="Node3D" parent="Level" instance=ExtResource("11_imku0")]
transform = Transform3D(-0.944063, 0, -0.329766, 0, 1, 0, 0.329766, 0, -0.944063, -6.52906, 0, -102.027)
script = ExtResource("8_tereu")
platform_scenes = Array[PackedScene]([ExtResource("12_wlxy5"), ExtResource("13_3v7ru"), ExtResource("22_2yde8")])
randomize_in_editor = true

[node name="@Node3D@22410" type="Node3D" parent="Level" instance=ExtResource("7_6iypd")]
transform = Transform3D(0.772968, 0, -0.634446, 0, 1, 0, 0.634446, 0, 0.772968, -4.44361, 0, -106.995)
script = ExtResource("8_tereu")
platform_scenes = Array[PackedScene]([ExtResource("9_cdqbm"), ExtResource("10_imku0"), ExtResource("19_obt1j"), ExtResource("9_cdqbm"), ExtResource("10_imku0")])
randomize_in_editor = true

[node name="@Node3D@22412" type="Node3D" parent="Level" instance=ExtResource("11_imku0")]
transform = Transform3D(0.999705, 0, 0.0242854, 0, 1, 0, -0.0242854, 0, 0.999705, -0.636744, 0, -112.658)
script = ExtResource("8_tereu")
platform_scenes = Array[PackedScene]([ExtResource("12_wlxy5"), ExtResource("13_3v7ru"), ExtResource("22_2yde8")])
randomize_in_editor = true

[node name="@Node3D@22414" type="Node3D" parent="Level" instance=ExtResource("7_6iypd")]
transform = Transform3D(-0.498605, 0, 0.866829, 0, 1, 0, -0.866829, 0, -0.498605, -2.2, 0, -115.247)
script = ExtResource("8_tereu")
platform_scenes = Array[PackedScene]([ExtResource("9_cdqbm"), ExtResource("10_imku0"), ExtResource("19_obt1j"), ExtResource("9_cdqbm"), ExtResource("10_imku0")])
randomize_in_editor = true

[node name="@Node3D@22416" type="Node3D" parent="Level" instance=ExtResource("17_nu31w")]
transform = Transform3D(0.995414, 0, 0.0956649, 0, 1, 0, -0.0956649, 0, 0.995414, -3.01963, 0, -121.75)
script = ExtResource("8_tereu")
platform_scenes = Array[PackedScene]([ExtResource("18_obt1j")])
randomize_in_editor = true

[node name="@Node3D@22418" type="Node3D" parent="Level" instance=ExtResource("17_nu31w")]
transform = Transform3D(0.774877, 0, -0.632113, 0, 1, 0, 0.632113, 0, 0.774877, -1.63721, 0, -126.32)
script = ExtResource("8_tereu")
platform_scenes = Array[PackedScene]([ExtResource("18_obt1j")])
randomize_in_editor = true

[node name="@Node3D@22420" type="Node3D" parent="Level" instance=ExtResource("7_6iypd")]
transform = Transform3D(-0.187025, 0, -0.982355, 0, 1, 0, 0.982355, 0, -0.187025, -3.35024, 0, -117.692)
script = ExtResource("8_tereu")
platform_scenes = Array[PackedScene]([ExtResource("9_cdqbm"), ExtResource("10_imku0"), ExtResource("19_obt1j"), ExtResource("9_cdqbm"), ExtResource("10_imku0")])
randomize_in_editor = true

[node name="@Node3D@22422" type="Node3D" parent="Level" instance=ExtResource("7_6iypd")]
transform = Transform3D(0.326851, 0, 0.945076, 0, 1, 0, -0.945076, 0, 0.326851, -5.31215, 0, -88.0061)
script = ExtResource("8_tereu")
platform_scenes = Array[PackedScene]([ExtResource("9_cdqbm"), ExtResource("10_imku0"), ExtResource("19_obt1j"), ExtResource("9_cdqbm"), ExtResource("10_imku0")])
randomize_in_editor = true

[node name="@Node3D@22424" type="Node3D" parent="Level" instance=ExtResource("7_6iypd")]
transform = Transform3D(-0.999815, 0, 0.0192198, 0, 1, 0, -0.0192198, 0, -0.999815, -6.5323, 0, -94.7503)
script = ExtResource("8_tereu")
platform_scenes = Array[PackedScene]([ExtResource("9_cdqbm"), ExtResource("10_imku0"), ExtResource("19_obt1j"), ExtResource("9_cdqbm"), ExtResource("10_imku0")])
randomize_in_editor = true

[node name="@Node3D@22426" type="Node3D" parent="Level" instance=ExtResource("7_6iypd")]
transform = Transform3D(-0.50354, 0, -0.863972, 0, 1, 0, 0.863972, 0, -0.50354, -7.42851, 0, -98.6551)
script = ExtResource("8_tereu")
platform_scenes = Array[PackedScene]([ExtResource("9_cdqbm"), ExtResource("10_imku0"), ExtResource("19_obt1j"), ExtResource("9_cdqbm"), ExtResource("10_imku0")])
randomize_in_editor = true

[node name="@Node3D@22428" type="Node3D" parent="Level" instance=ExtResource("17_nu31w")]
transform = Transform3D(-0.789589, 0, -0.613637, 0, 1, 0, 0.613637, 0, -0.789589, -6.5656, 0, -105.436)
script = ExtResource("8_tereu")
platform_scenes = Array[PackedScene]([ExtResource("18_obt1j")])
randomize_in_editor = true

[node name="@Node3D@22430" type="Node3D" parent="Level" instance=ExtResource("7_6iypd")]
transform = Transform3D(0.951496, 0, 0.307662, 0, 1, 0, -0.307662, 0, 0.951496, -10.7574, 0, -110.272)
script = ExtResource("8_tereu")
platform_scenes = Array[PackedScene]([ExtResource("9_cdqbm"), ExtResource("10_imku0"), ExtResource("19_obt1j"), ExtResource("9_cdqbm"), ExtResource("10_imku0")])
randomize_in_editor = true

[node name="@Node3D@22432" type="Node3D" parent="Level" instance=ExtResource("7_6iypd")]
transform = Transform3D(-0.943409, 0, -0.331631, 0, 1, 0, 0.331631, 0, -0.943409, -9.29604, 0, -116.235)
script = ExtResource("8_tereu")
platform_scenes = Array[PackedScene]([ExtResource("9_cdqbm"), ExtResource("10_imku0"), ExtResource("19_obt1j"), ExtResource("9_cdqbm"), ExtResource("10_imku0")])
randomize_in_editor = true

[node name="@Node3D@22434" type="Node3D" parent="Level" instance=ExtResource("17_nu31w")]
transform = Transform3D(0.951392, 0, 0.307981, 0, 1, 0, -0.307981, 0, 0.951392, -10.005, 0, -120.394)
script = ExtResource("8_tereu")
platform_scenes = Array[PackedScene]([ExtResource("18_obt1j")])
randomize_in_editor = true

[node name="@Node3D@22436" type="Node3D" parent="Level" instance=ExtResource("11_imku0")]
transform = Transform3D(-0.907467, 0, 0.420124, 0, 1, 0, -0.420124, 0, -0.907467, -11.595, 0, -122.936)
script = ExtResource("8_tereu")
platform_scenes = Array[PackedScene]([ExtResource("12_wlxy5"), ExtResource("13_3v7ru"), ExtResource("22_2yde8")])
randomize_in_editor = true

[node name="@Node3D@22438" type="Node3D" parent="Level" instance=ExtResource("17_nu31w")]
transform = Transform3D(0.959642, 0, -0.281226, 0, 1, 0, 0.281226, 0, 0.959642, -8.2443, 0, -126.469)
script = ExtResource("8_tereu")
platform_scenes = Array[PackedScene]([ExtResource("18_obt1j")])
randomize_in_editor = true

[node name="@Node3D@22440" type="Node3D" parent="Level" instance=ExtResource("7_6iypd")]
transform = Transform3D(-0.947118, 0, -0.320887, 0, 1, 0, 0.320887, 0, -0.947118, -8.32196, 0, -122.526)
script = ExtResource("8_tereu")
platform_scenes = Array[PackedScene]([ExtResource("9_cdqbm"), ExtResource("10_imku0"), ExtResource("19_obt1j"), ExtResource("9_cdqbm"), ExtResource("10_imku0")])
randomize_in_editor = true

[node name="@Node3D@22442" type="Node3D" parent="Level" instance=ExtResource("7_6iypd")]
transform = Transform3D(-0.450785, 0, -0.892633, 0, 1, 0, 0.892633, 0, -0.450785, -11.0164, 0, -100.74)
script = ExtResource("8_tereu")
platform_scenes = Array[PackedScene]([ExtResource("9_cdqbm"), ExtResource("10_imku0"), ExtResource("19_obt1j"), ExtResource("9_cdqbm"), ExtResource("10_imku0")])
randomize_in_editor = true

[node name="@Node3D@22444" type="Node3D" parent="Level" instance=ExtResource("17_nu31w")]
transform = Transform3D(0.396921, 0, -0.917853, 0, 1, 0, 0.917853, 0, 0.396921, 0.605052, 0, -78.7464)
script = ExtResource("8_tereu")
platform_scenes = Array[PackedScene]([ExtResource("18_obt1j")])
randomize_in_editor = true

[node name="@Node3D@22446" type="Node3D" parent="Level" instance=ExtResource("17_nu31w")]
transform = Transform3D(-0.964242, 0, 0.265022, 0, 1, 0, -0.265022, 0, -0.964242, 3.56603, 0, -83.1574)
script = ExtResource("8_tereu")
platform_scenes = Array[PackedScene]([ExtResource("18_obt1j")])
randomize_in_editor = true

[node name="@Node3D@22448" type="Node3D" parent="Level" instance=ExtResource("11_imku0")]
transform = Transform3D(0.235214, 0, -0.971943, 0, 1, 0, 0.971943, 0, 0.235214, 1.05323, 0, -89.2129)
script = ExtResource("8_tereu")
platform_scenes = Array[PackedScene]([ExtResource("12_wlxy5"), ExtResource("13_3v7ru"), ExtResource("22_2yde8")])
randomize_in_editor = true

[node name="@Node3D@22450" type="Node3D" parent="Level" instance=ExtResource("17_nu31w")]
transform = Transform3D(0.996505, 0, 0.0835323, 0, 1, 0, -0.0835323, 0, 0.996505, 3.3965, 0, -91.5588)
script = ExtResource("8_tereu")
platform_scenes = Array[PackedScene]([ExtResource("18_obt1j")])
randomize_in_editor = true

[node name="@Node3D@22452" type="Node3D" parent="Level" instance=ExtResource("7_6iypd")]
transform = Transform3D(-0.648823, 0, -0.76094, 0, 1, 0, 0.76094, 0, -0.648823, -0.359115, 0, -96.0016)
script = ExtResource("8_tereu")
platform_scenes = Array[PackedScene]([ExtResource("9_cdqbm"), ExtResource("10_imku0"), ExtResource("19_obt1j"), ExtResource("9_cdqbm"), ExtResource("10_imku0")])
randomize_in_editor = true

[node name="@Node3D@22454" type="Node3D" parent="Level" instance=ExtResource("17_nu31w")]
transform = Transform3D(-0.135768, 0, 0.990741, 0, 1, 0, -0.990741, 0, -0.135768, -2.61631, 0, -100.28)
script = ExtResource("8_tereu")
platform_scenes = Array[PackedScene]([ExtResource("18_obt1j")])
randomize_in_editor = true

[node name="@Node3D@22456" type="Node3D" parent="Level" instance=ExtResource("11_imku0")]
transform = Transform3D(0.271395, 0, 0.962468, 0, 1, 0, -0.962468, 0, 0.271395, -4.49287, 0, -103.722)
script = ExtResource("8_tereu")
platform_scenes = Array[PackedScene]([ExtResource("12_wlxy5"), ExtResource("13_3v7ru"), ExtResource("22_2yde8")])
randomize_in_editor = true

[node name="@Node3D@22458" type="Node3D" parent="Level" instance=ExtResource("7_6iypd")]
transform = Transform3D(0.547228, 0, 0.836984, 0, 1, 0, -0.836984, 0, 0.547228, -0.941077, 0, -107.653)
script = ExtResource("8_tereu")
platform_scenes = Array[PackedScene]([ExtResource("9_cdqbm"), ExtResource("10_imku0"), ExtResource("19_obt1j"), ExtResource("9_cdqbm"), ExtResource("10_imku0")])
randomize_in_editor = true

[node name="@Node3D@22460" type="Node3D" parent="Level" instance=ExtResource("17_nu31w")]
transform = Transform3D(0.856854, 0, 0.51556, 0, 1, 0, -0.51556, 0, 0.856854, -2.16899, 0, -110.031)
script = ExtResource("8_tereu")
platform_scenes = Array[PackedScene]([ExtResource("18_obt1j")])
randomize_in_editor = true

[node name="@Node3D@22462" type="Node3D" parent="Level" instance=ExtResource("11_imku0")]
transform = Transform3D(0.045225, 0, -0.998977, 0, 1, 0, 0.998977, 0, 0.045225, 1.51984, 0, -110.414)
script = ExtResource("8_tereu")
platform_scenes = Array[PackedScene]([ExtResource("12_wlxy5"), ExtResource("13_3v7ru"), ExtResource("22_2yde8")])
randomize_in_editor = true

[node name="@Node3D@22464" type="Node3D" parent="Level" instance=ExtResource("11_imku0")]
transform = Transform3D(-0.349951, 0, -0.936768, 0, 1, 0, 0.936768, 0, -0.349951, 3.60459, 0, -116.531)
script = ExtResource("8_tereu")
platform_scenes = Array[PackedScene]([ExtResource("12_wlxy5"), ExtResource("13_3v7ru"), ExtResource("22_2yde8")])
randomize_in_editor = true

[node name="@Node3D@22466" type="Node3D" parent="Level" instance=ExtResource("11_imku0")]
transform = Transform3D(-0.723814, 0, -0.689995, 0, 1, 0, 0.689995, 0, -0.723814, 2.35812, 0, -120.291)
script = ExtResource("8_tereu")
platform_scenes = Array[PackedScene]([ExtResource("12_wlxy5"), ExtResource("13_3v7ru"), ExtResource("22_2yde8")])
randomize_in_editor = true

[node name="@Node3D@22468" type="Node3D" parent="Level" instance=ExtResource("7_6iypd")]
transform = Transform3D(-0.666336, 0, 0.745652, 0, 1, 0, -0.745652, 0, -0.666336, 2.97948, 0, -125.182)
script = ExtResource("8_tereu")
platform_scenes = Array[PackedScene]([ExtResource("9_cdqbm"), ExtResource("10_imku0"), ExtResource("19_obt1j"), ExtResource("9_cdqbm"), ExtResource("10_imku0")])
randomize_in_editor = true

[node name="@Node3D@22470" type="Node3D" parent="Level" instance=ExtResource("11_imku0")]
transform = Transform3D(-0.980901, 0, -0.194506, 0, 1, 0, 0.194506, 0, -0.980901, 4.80349, 0, -127.454)
script = ExtResource("8_tereu")
platform_scenes = Array[PackedScene]([ExtResource("12_wlxy5"), ExtResource("13_3v7ru"), ExtResource("22_2yde8")])
randomize_in_editor = true

[node name="@Node3D@22472" type="Node3D" parent="Level" instance=ExtResource("11_imku0")]
transform = Transform3D(-0.723918, 0, -0.689886, 0, 1, 0, 0.689886, 0, -0.723918, 5.78917, 0, -120.032)
script = ExtResource("8_tereu")
platform_scenes = Array[PackedScene]([ExtResource("12_wlxy5"), ExtResource("13_3v7ru"), ExtResource("22_2yde8")])
randomize_in_editor = true

[node name="@Node3D@22474" type="Node3D" parent="Level" instance=ExtResource("17_nu31w")]
transform = Transform3D(0.01827, 0, -0.999833, 0, 1, 0, 0.999833, 0, 0.01827, 4.19674, 0, -85.9495)
script = ExtResource("8_tereu")
platform_scenes = Array[PackedScene]([ExtResource("18_obt1j")])
randomize_in_editor = true

[node name="@Node3D@22476" type="Node3D" parent="Level" instance=ExtResource("17_nu31w")]
transform = Transform3D(0.95922, 0, -0.28266, 0, 1, 0, 0.28266, 0, 0.95922, 5.97491, 0, -88.6614)
script = ExtResource("8_tereu")
platform_scenes = Array[PackedScene]([ExtResource("18_obt1j")])
randomize_in_editor = true

[node name="@Node3D@22478" type="Node3D" parent="Level" instance=ExtResource("17_nu31w")]
transform = Transform3D(0.906698, 0, 0.421782, 0, 1, 0, -0.421782, 0, 0.906698, 9.96868, 0, -92.7231)
script = ExtResource("8_tereu")
platform_scenes = Array[PackedScene]([ExtResource("18_obt1j")])
randomize_in_editor = true

[node name="@Node3D@22480" type="Node3D" parent="Level" instance=ExtResource("11_imku0")]
transform = Transform3D(-0.181846, 0, 0.983327, 0, 1, 0, -0.983327, 0, -0.181846, 9.55361, 0, -99.6541)
script = ExtResource("8_tereu")
platform_scenes = Array[PackedScene]([ExtResource("12_wlxy5"), ExtResource("13_3v7ru"), ExtResource("22_2yde8")])
randomize_in_editor = true

[node name="@Node3D@22482" type="Node3D" parent="Level" instance=ExtResource("11_imku0")]
transform = Transform3D(0.993724, 0, 0.111857, 0, 1, 0, -0.111857, 0, 0.993724, 10.5933, 0, -102.387)
script = ExtResource("8_tereu")
platform_scenes = Array[PackedScene]([ExtResource("12_wlxy5"), ExtResource("13_3v7ru"), ExtResource("22_2yde8")])
randomize_in_editor = true

[node name="@Node3D@22484" type="Node3D" parent="Level" instance=ExtResource("7_6iypd")]
transform = Transform3D(0.728788, 0, 0.684739, 0, 1, 0, -0.684739, 0, 0.728788, 8.43055, 0, -108.022)
script = ExtResource("8_tereu")
platform_scenes = Array[PackedScene]([ExtResource("9_cdqbm"), ExtResource("10_imku0"), ExtResource("19_obt1j"), ExtResource("9_cdqbm"), ExtResource("10_imku0")])
randomize_in_editor = true

[node name="@Node3D@22486" type="Node3D" parent="Level" instance=ExtResource("17_nu31w")]
transform = Transform3D(0.870593, 0, 0.492004, 0, 1, 0, -0.492004, 0, 0.870593, 7.38887, 0, -110.313)
script = ExtResource("8_tereu")
platform_scenes = Array[PackedScene]([ExtResource("18_obt1j")])
randomize_in_editor = true

[node name="@Node3D@22488" type="Node3D" parent="Level" instance=ExtResource("11_imku0")]
transform = Transform3D(-0.468247, 0, 0.883598, 0, 1, 0, -0.883598, 0, -0.468247, 9.10022, 0, -104.495)
script = ExtResource("8_tereu")
platform_scenes = Array[PackedScene]([ExtResource("12_wlxy5"), ExtResource("13_3v7ru"), ExtResource("22_2yde8")])
randomize_in_editor = true

[node name="@Node3D@22490" type="Node3D" parent="Level" instance=ExtResource("17_nu31w")]
transform = Transform3D(0.716722, 0, -0.697359, 0, 1, 0, 0.697359, 0, 0.716722, -1.54123, 0, -57.9418)
script = ExtResource("8_tereu")
platform_scenes = Array[PackedScene]([ExtResource("18_obt1j")])
randomize_in_editor = true

[node name="@Node3D@22492" type="Node3D" parent="Level" instance=ExtResource("17_nu31w")]
transform = Transform3D(-0.811856, 0, 0.583857, 0, 1, 0, -0.583857, 0, -0.811856, -0.409252, 0, -62.9083)
script = ExtResource("8_tereu")
platform_scenes = Array[PackedScene]([ExtResource("18_obt1j")])
randomize_in_editor = true

[node name="@Node3D@22494" type="Node3D" parent="Level" instance=ExtResource("7_6iypd")]
transform = Transform3D(0.973547, 0, 0.228486, 0, 1, 0, -0.228486, 0, 0.973547, 3.35095, 0, -68.3822)
script = ExtResource("8_tereu")
platform_scenes = Array[PackedScene]([ExtResource("9_cdqbm"), ExtResource("10_imku0"), ExtResource("19_obt1j"), ExtResource("9_cdqbm"), ExtResource("10_imku0")])
randomize_in_editor = true

[node name="@Node3D@22496" type="Node3D" parent="Level" instance=ExtResource("17_nu31w")]
transform = Transform3D(-0.748575, 0, 0.663051, 0, 1, 0, -0.663051, 0, -0.748575, 3.53488, 0, -72.7153)
script = ExtResource("8_tereu")
platform_scenes = Array[PackedScene]([ExtResource("18_obt1j")])
randomize_in_editor = true

[node name="@Node3D@22498" type="Node3D" parent="Level" instance=ExtResource("7_6iypd")]
transform = Transform3D(0.0926077, 0, -0.995703, 0, 1, 0, 0.995703, 0, 0.0926077, 7.5579, 0, -77.435)
script = ExtResource("8_tereu")
platform_scenes = Array[PackedScene]([ExtResource("9_cdqbm"), ExtResource("10_imku0"), ExtResource("19_obt1j"), ExtResource("9_cdqbm"), ExtResource("10_imku0")])
randomize_in_editor = true

[node name="@Node3D@22500" type="Node3D" parent="Level" instance=ExtResource("7_6iypd")]
transform = Transform3D(-0.913773, 0, 0.406224, 0, 1, 0, -0.406224, 0, -0.913773, 7.31097, 0, -84.8462)
script = ExtResource("8_tereu")
platform_scenes = Array[PackedScene]([ExtResource("9_cdqbm"), ExtResource("10_imku0"), ExtResource("19_obt1j"), ExtResource("9_cdqbm"), ExtResource("10_imku0")])
randomize_in_editor = true

