[gd_scene load_steps=40 format=3 uid="uid://3f7k8dolqfhh"]

[ext_resource type="PackedScene" uid="uid://g4tbrr3sfui2" path="res://player.tscn" id="1_a202f"]
[ext_resource type="Script" uid="uid://b85s3xfg6xv8i" path="res://game_manager.gd" id="1_tereu"]
[ext_resource type="FontFile" uid="uid://decj3qo5pg26d" path="res://kirifont/KiriFont.otf" id="2_cdqbm"]
[ext_resource type="LabelSettings" uid="uid://b32jxxg8k3j45" path="res://custom.tres" id="2_tereu"]
[ext_resource type="LabelSettings" uid="uid://c2fbmgdggtmr8" path="res://leaderboard.tres" id="4_imku0"]
[ext_resource type="PackedScene" uid="uid://o6nh6fno5b0d" path="res://level/level.tscn" id="6_i5arm"]
[ext_resource type="PackedScene" uid="uid://berc3ktdu00jq" path="res://water_grid.tscn" id="6_jsk3o"]
[ext_resource type="PackedScene" uid="uid://cloxm7yrf3dau" path="res://player4.tscn" id="6_vxd74"]
[ext_resource type="PackedScene" uid="uid://6kx5nm2ecru" path="res://items/generators/items.tscn" id="6_wc5p8"]
[ext_resource type="PackedScene" uid="uid://bgowpuve5rom4" path="res://level/1x1/1x1.tscn" id="7_6iypd"]
[ext_resource type="PackedScene" uid="uid://cwjt7a54ooioq" path="res://player3.tscn" id="7_dhlwf"]
[ext_resource type="PackedScene" uid="uid://oa4gk1w85htb" path="res://kill_zone.tscn" id="7_wc5p8"]
[ext_resource type="PackedScene" uid="uid://685x3hhuvr5l" path="res://player2.tscn" id="8_5t8nk"]
[ext_resource type="Script" uid="uid://4ohwjxvwlf14" path="res://scripts/random_platform.gd" id="8_tereu"]
[ext_resource type="PackedScene" uid="uid://bau54xbcyquty" path="res://goal.tscn" id="9_4arys"]
[ext_resource type="PackedScene" uid="uid://evotmterwgic" path="res://level/1x1/0.tscn" id="9_cdqbm"]
[ext_resource type="PackedScene" uid="uid://bq3jgcl0fepk2" path="res://level/1x1/1.tscn" id="10_imku0"]
[ext_resource type="PackedScene" uid="uid://bct2vsr7ymxi4" path="res://level/2x2/2x2.tscn" id="11_imku0"]
[ext_resource type="PackedScene" uid="uid://l2l3mvvrqhsu" path="res://level/2x2/0.tscn" id="12_wlxy5"]
[ext_resource type="PackedScene" uid="uid://da3dp6rlapf65" path="res://level/2x2/1.tscn" id="13_3v7ru"]
[ext_resource type="PackedScene" uid="uid://ck51bdne8ldwv" path="res://island.tscn" id="14_wlxy5"]
[ext_resource type="PackedScene" uid="uid://bpulflnw0vw5l" path="res://level/2x1/2x1.tscn" id="17_nu31w"]
[ext_resource type="PackedScene" uid="uid://dviuybxhwu1ho" path="res://level/2x1/0.tscn" id="18_obt1j"]
[ext_resource type="PackedScene" uid="uid://gof5kolddo3a" path="res://level/1x1/2.tscn" id="19_obt1j"]
[ext_resource type="PackedScene" uid="uid://bsmlem37lo4th" path="res://level/2x2/2.tscn" id="22_2yde8"]
[ext_resource type="Script" path="res://extra_kill_zone.gd" id="23_nu31w"]
[ext_resource type="PackedScene" uid="uid://csmc4dfieimjx" path="res://meshes/Startplatform/Startingplatform.tscn" id="24_dhlwf"]
[ext_resource type="PackedScene" uid="uid://b5bxwo0db64jg" path="res://meshes/Chest/chest.glb" id="24_nu31w"]

[sub_resource type="LabelSettings" id="LabelSettings_cdqbm"]
font = ExtResource("2_cdqbm")
font_size = 300
outline_size = 40
outline_color = Color(0, 0, 0, 1)

[sub_resource type="StyleBoxFlat" id="StyleBoxFlat_cdqbm"]
bg_color = Color(7.52043e-08, 0.0590926, 0.150703, 0.411765)

[sub_resource type="ProceduralSkyMaterial" id="ProceduralSkyMaterial_noarx"]
ground_bottom_color = Color(0.101961, 0.301961, 0.901961, 1)

[sub_resource type="Sky" id="Sky_noarx"]
sky_material = SubResource("ProceduralSkyMaterial_noarx")

[sub_resource type="Environment" id="Environment_a0tk4"]
background_mode = 2
background_energy_multiplier = 2.5
sky = SubResource("Sky_noarx")

[sub_resource type="CameraAttributesPractical" id="CameraAttributesPractical_noarx"]

[sub_resource type="ViewportTexture" id="ViewportTexture_nu31w"]
viewport_path = NodePath("GridContainer/SubViewportContainer/SubViewport")

[sub_resource type="ViewportTexture" id="ViewportTexture_obt1j"]
viewport_path = NodePath("GridContainer/SubViewportContainer2/SubViewport")

[sub_resource type="ViewportTexture" id="ViewportTexture_2yde8"]
viewport_path = NodePath("GridContainer/SubViewportContainer3/SubViewport")

[sub_resource type="ViewportTexture" id="ViewportTexture_id0nj"]
viewport_path = NodePath("GridContainer/SubViewportContainer4/SubViewport")

[sub_resource type="BoxShape3D" id="BoxShape3D_aceia"]
size = Vector3(125.445, 14.3992, 742.51)

[node name="Game" type="Node3D"]

[node name="GameManager" type="Node" parent="."]
script = ExtResource("1_tereu")

[node name="CanvasLayer" type="CanvasLayer" parent="GameManager"]
layer = 100

[node name="SharedLabel" type="Label" parent="GameManager/CanvasLayer"]
custom_minimum_size = Vector2(400, 400)
anchors_preset = 8
anchor_left = 0.5
anchor_top = 0.5
anchor_right = 0.5
anchor_bottom = 0.5
offset_left = -960.0
offset_top = -540.0
offset_right = 960.0
offset_bottom = 540.0
grow_horizontal = 2
grow_vertical = 2
pivot_offset = Vector2(960, 540)
size_flags_vertical = 1
theme_override_font_sizes/font_size = 50
label_settings = ExtResource("2_tereu")
horizontal_alignment = 1
vertical_alignment = 1
autowrap_mode = 2
metadata/_edit_use_anchors_ = true

[node name="SharedLabel2" type="Label" parent="GameManager/CanvasLayer"]
custom_minimum_size = Vector2(2000, 1200)
anchors_preset = 8
anchor_left = 0.5
anchor_top = 0.5
anchor_right = 0.5
anchor_bottom = 0.5
offset_left = -1000.0
offset_top = -600.0
offset_right = 1000.0
offset_bottom = 600.0
grow_horizontal = 2
grow_vertical = 2
size_flags_vertical = 1
text = " "
label_settings = SubResource("LabelSettings_cdqbm")
horizontal_alignment = 1
vertical_alignment = 1
autowrap_mode = 2
metadata/_edit_use_anchors_ = true

[node name="opacity" type="Panel" parent="GameManager/CanvasLayer"]
visible = false
anchors_preset = 15
anchor_right = 1.0
anchor_bottom = 1.0
grow_horizontal = 2
grow_vertical = 2
size_flags_horizontal = 4
size_flags_vertical = 4
theme_override_styles/panel = SubResource("StyleBoxFlat_cdqbm")

[node name="Leaderboard" type="Panel" parent="GameManager/CanvasLayer/opacity"]
custom_minimum_size = Vector2(500, 500)
layout_mode = 1
anchors_preset = 8
anchor_left = 0.5
anchor_top = 0.5
anchor_right = 0.5
anchor_bottom = 0.5
offset_left = -250.0
offset_top = -250.0
offset_right = 250.0
offset_bottom = 250.0
grow_horizontal = 2
grow_vertical = 2

[node name="VBoxContainer" type="VBoxContainer" parent="GameManager/CanvasLayer/opacity/Leaderboard"]
layout_mode = 1
anchors_preset = 15
anchor_right = 1.0
anchor_bottom = 1.0
grow_horizontal = 2
grow_vertical = 2
theme_override_constants/separation = 20

[node name="Score1st" type="Label" parent="GameManager/CanvasLayer/opacity/Leaderboard/VBoxContainer"]
custom_minimum_size = Vector2(100, 100)
layout_mode = 2
size_flags_vertical = 3
label_settings = ExtResource("4_imku0")
horizontal_alignment = 1
vertical_alignment = 1
autowrap_mode = 2

[node name="Score2nd" type="Label" parent="GameManager/CanvasLayer/opacity/Leaderboard/VBoxContainer"]
custom_minimum_size = Vector2(100, 100)
layout_mode = 2
size_flags_vertical = 3
label_settings = ExtResource("4_imku0")
horizontal_alignment = 1
vertical_alignment = 1
autowrap_mode = 2

[node name="Score3rd" type="Label" parent="GameManager/CanvasLayer/opacity/Leaderboard/VBoxContainer"]
custom_minimum_size = Vector2(100, 100)
layout_mode = 2
size_flags_vertical = 3
label_settings = ExtResource("4_imku0")
horizontal_alignment = 1
vertical_alignment = 1
autowrap_mode = 2

[node name="Score4th" type="Label" parent="GameManager/CanvasLayer/opacity/Leaderboard/VBoxContainer"]
custom_minimum_size = Vector2(100, 100)
layout_mode = 2
size_flags_vertical = 3
label_settings = ExtResource("4_imku0")
horizontal_alignment = 1
vertical_alignment = 1
autowrap_mode = 2

[node name="Leaderboard2" type="Panel" parent="GameManager/CanvasLayer/opacity"]
visible = false
custom_minimum_size = Vector2(1000, 150)
layout_mode = 1
anchors_preset = 8
anchor_left = 0.5
anchor_top = 0.5
anchor_right = 0.5
anchor_bottom = 0.5
offset_left = -500.0
offset_top = 140.0
offset_right = 500.0
offset_bottom = 290.0
grow_horizontal = 2
grow_vertical = 2

[node name="MarginContainer" type="MarginContainer" parent="GameManager/CanvasLayer/opacity/Leaderboard2"]
layout_mode = 1
anchors_preset = 15
anchor_right = 1.0
anchor_bottom = 1.0
grow_horizontal = 2
grow_vertical = 2
theme_override_constants/margin_left = 30
theme_override_constants/margin_top = 30
theme_override_constants/margin_right = 30
theme_override_constants/margin_bottom = 30

[node name="HBoxContainer" type="HBoxContainer" parent="GameManager/CanvasLayer/opacity/Leaderboard2/MarginContainer"]
custom_minimum_size = Vector2(1000, 0)
layout_mode = 2
theme_override_constants/separation = 100

[node name="Options" type="Button" parent="GameManager/CanvasLayer/opacity/Leaderboard2/MarginContainer/HBoxContainer"]
layout_mode = 2
size_flags_horizontal = 3
size_flags_vertical = 3
theme_override_fonts/font = ExtResource("2_cdqbm")
theme_override_font_sizes/font_size = 50
text = "Options"

[node name="StartGame" type="Button" parent="GameManager/CanvasLayer/opacity/Leaderboard2/MarginContainer/HBoxContainer"]
layout_mode = 2
size_flags_horizontal = 3
size_flags_vertical = 3
theme_override_fonts/font = ExtResource("2_cdqbm")
theme_override_font_sizes/font_size = 50
text = "Restart"

[node name="Quit" type="Button" parent="GameManager/CanvasLayer/opacity/Leaderboard2/MarginContainer/HBoxContainer"]
layout_mode = 2
size_flags_horizontal = 3
size_flags_vertical = 3
theme_override_fonts/font = ExtResource("2_cdqbm")
theme_override_font_sizes/font_size = 50
text = "quit"

[node name="DirectionalLight3D" type="DirectionalLight3D" parent="."]
transform = Transform3D(-0.534213, -0.815404, -0.223011, -0.284691, -0.0748638, 0.955692, -0.79597, 0.574032, -0.192145, -4.2404, 11.0469, -3.46405)
shadow_enabled = true
shadow_reverse_cull_face = true

[node name="WorldEnvironment" type="WorldEnvironment" parent="."]
environment = SubResource("Environment_a0tk4")
camera_attributes = SubResource("CameraAttributesPractical_noarx")

[node name="GridContainer" type="GridContainer" parent="."]
anchors_preset = 15
anchor_right = 1.0
anchor_bottom = 1.0
grow_horizontal = 2
grow_vertical = 2
columns = 2

[node name="SubViewportContainer" type="SubViewportContainer" parent="GridContainer"]
layout_mode = 2
size_flags_horizontal = 3
size_flags_vertical = 3
stretch = true

[node name="ShaderTexture" type="TextureRect" parent="GridContainer/SubViewportContainer"]
visible = false
layout_mode = 2
texture = SubResource("ViewportTexture_nu31w")

[node name="SubViewport" type="SubViewport" parent="GridContainer/SubViewportContainer"]
handle_input_locally = false
size = Vector2i(958, 538)
render_target_update_mode = 4

[node name="Player" parent="GridContainer/SubViewportContainer/SubViewport" instance=ExtResource("1_a202f")]
transform = Transform3D(1, 0, 0, 0, 1, 0, 0, 0, 1, 0, 10, 0)
axis_lock_angular_y = true

[node name="IconTexture" type="TextureRect" parent="GridContainer/SubViewportContainer/SubViewport/Player"]
offset_right = 150.0
offset_bottom = 150.0
expand_mode = 1

[node name="PointsLabel" type="Label" parent="GridContainer/SubViewportContainer/SubViewport/Player"]
custom_minimum_size = Vector2(300, 0)
anchors_preset = 2
anchor_top = 1.0
anchor_bottom = 1.0
offset_top = -23.0
offset_right = 79.0
grow_vertical = 0
horizontal_alignment = 2

[node name="MarginContainer" type="MarginContainer" parent="GridContainer/SubViewportContainer/SubViewport/Player"]
visible = false
offset_left = 20.0
offset_top = 20.0
offset_right = 60.0
offset_bottom = 61.0

[node name="CurrItemLabel" type="Label" parent="GridContainer/SubViewportContainer/SubViewport/Player/MarginContainer"]
layout_mode = 2

[node name="SubViewportContainer2" type="SubViewportContainer" parent="GridContainer"]
layout_mode = 2
size_flags_horizontal = 3
size_flags_vertical = 3
stretch = true

[node name="ShaderTexture" type="TextureRect" parent="GridContainer/SubViewportContainer2"]
visible = false
layout_mode = 2
texture = SubResource("ViewportTexture_obt1j")

[node name="SubViewport" type="SubViewport" parent="GridContainer/SubViewportContainer2"]
handle_input_locally = false
size = Vector2i(958, 538)
render_target_update_mode = 4

[node name="Player2" parent="GridContainer/SubViewportContainer2/SubViewport" instance=ExtResource("8_5t8nk")]
transform = Transform3D(1, 0, 0, 0, 1, 0, 0, 0, 1, 2.5, 10, 0)

[node name="PointsLabel" type="Label" parent="GridContainer/SubViewportContainer2/SubViewport/Player2"]
custom_minimum_size = Vector2(320, 0)
anchors_preset = 3
anchor_left = 1.0
anchor_top = 1.0
anchor_right = 1.0
anchor_bottom = 1.0
offset_left = -79.0
offset_top = -41.0
grow_horizontal = 0
grow_vertical = 0

[node name="MarginContainer" type="MarginContainer" parent="GridContainer/SubViewportContainer2/SubViewport/Player2"]
visible = false
anchors_preset = 1
anchor_left = 1.0
anchor_right = 1.0
offset_left = -40.0
offset_bottom = 41.0
grow_horizontal = 0

[node name="CurrItemLabel" type="Label" parent="GridContainer/SubViewportContainer2/SubViewport/Player2/MarginContainer"]
layout_mode = 2

[node name="IconTexture" type="TextureRect" parent="GridContainer/SubViewportContainer2/SubViewport/Player2"]
anchors_preset = 1
anchor_left = 1.0
anchor_right = 1.0
offset_left = -150.0
offset_bottom = 150.0
grow_horizontal = 0
expand_mode = 1

[node name="SubViewportContainer3" type="SubViewportContainer" parent="GridContainer"]
layout_mode = 2
size_flags_horizontal = 3
size_flags_vertical = 3
stretch = true

[node name="ShaderTexture" type="TextureRect" parent="GridContainer/SubViewportContainer3"]
visible = false
layout_mode = 2
texture = SubResource("ViewportTexture_2yde8")

[node name="SubViewport" type="SubViewport" parent="GridContainer/SubViewportContainer3"]
handle_input_locally = false
size = Vector2i(958, 538)
render_target_update_mode = 4

[node name="Player3" parent="GridContainer/SubViewportContainer3/SubViewport" instance=ExtResource("7_dhlwf")]
transform = Transform3D(1, 0, 0, 0, 1, 0, 0, 0, 1, 5, 10, 0)

[node name="IconTexture" type="TextureRect" parent="GridContainer/SubViewportContainer3/SubViewport/Player3"]
anchors_preset = 2
anchor_top = 1.0
anchor_bottom = 1.0
offset_top = -150.0
offset_right = 150.0
grow_vertical = 0
expand_mode = 1

[node name="PointsLabel" type="Label" parent="GridContainer/SubViewportContainer3/SubViewport/Player3"]
custom_minimum_size = Vector2(300, 0)
anchors_preset = 2
anchor_top = 1.0
anchor_bottom = 1.0
offset_top = -41.0
offset_right = 79.0
grow_vertical = 0
horizontal_alignment = 2

[node name="MarginContainer" type="MarginContainer" parent="GridContainer/SubViewportContainer3/SubViewport/Player3"]
visible = false
anchors_preset = 2
anchor_top = 1.0
anchor_bottom = 1.0
offset_top = -41.0
offset_right = 40.0
grow_vertical = 0

[node name="CurrItemLabel" type="Label" parent="GridContainer/SubViewportContainer3/SubViewport/Player3/MarginContainer"]
layout_mode = 2

[node name="SubViewportContainer4" type="SubViewportContainer" parent="GridContainer"]
layout_mode = 2
size_flags_horizontal = 3
size_flags_vertical = 3
stretch = true

[node name="ShaderTexture" type="TextureRect" parent="GridContainer/SubViewportContainer4"]
visible = false
layout_mode = 2
texture = SubResource("ViewportTexture_id0nj")

[node name="SubViewport" type="SubViewport" parent="GridContainer/SubViewportContainer4"]
handle_input_locally = false
size = Vector2i(958, 538)
render_target_update_mode = 4

[node name="Player4" parent="GridContainer/SubViewportContainer4/SubViewport" instance=ExtResource("6_vxd74")]
transform = Transform3D(1, 0, 0, 0, 1, 0, 0, 0, 1, 7.5, 10, 0)

[node name="IconTexture" type="TextureRect" parent="GridContainer/SubViewportContainer4/SubViewport/Player4"]
anchors_preset = 3
anchor_left = 1.0
anchor_top = 1.0
anchor_right = 1.0
anchor_bottom = 1.0
offset_left = -150.0
offset_top = -150.0
grow_horizontal = 0
grow_vertical = 0
expand_mode = 1

[node name="PointsLabel" type="Label" parent="GridContainer/SubViewportContainer4/SubViewport/Player4"]
custom_minimum_size = Vector2(320, 0)
anchors_preset = 3
anchor_left = 1.0
anchor_top = 1.0
anchor_right = 1.0
anchor_bottom = 1.0
offset_left = -79.0
offset_top = -41.0
grow_horizontal = 0
grow_vertical = 0

[node name="MarginContainer" type="MarginContainer" parent="GridContainer/SubViewportContainer4/SubViewport/Player4"]
visible = false
anchors_preset = 3
anchor_left = 1.0
anchor_top = 1.0
anchor_right = 1.0
anchor_bottom = 1.0
offset_left = -40.0
offset_top = -41.0
grow_horizontal = 0
grow_vertical = 0

[node name="CurrItemLabel" type="Label" parent="GridContainer/SubViewportContainer4/SubViewport/Player4/MarginContainer"]
layout_mode = 2

[node name="Items" parent="." instance=ExtResource("6_wc5p8")]
transform = Transform3D(1, 0, 0, 0, 1, 0, 0, 0, 1, 0, 0, 37.7199)

[node name="Level" parent="." instance=ExtResource("6_i5arm")]

[node name="Node3D" type="Node3D" parent="Level" instance=ExtResource("17_nu31w")]
transform = Transform3D(-0.885606, 0, -0.464438, 0, 1, 0, 0.464438, 0, -0.885606, 0, 0, 0)
script = ExtResource("8_tereu")
platform_scenes = Array[PackedScene]([ExtResource("18_obt1j")])
randomize_in_editor = true

[node name="@Node3D@347415" type="Node3D" parent="Level" instance=ExtResource("11_imku0")]
transform = Transform3D(-0.777234, 0, 0.629212, 0, 1, 0, -0.629212, 0, -0.777234, 2.18239, 0, -4.11001)
script = ExtResource("8_tereu")
platform_scenes = Array[PackedScene]([ExtResource("12_wlxy5"), ExtResource("13_3v7ru"), ExtResource("22_2yde8")])
randomize_in_editor = true

[node name="@Node3D@347417" type="Node3D" parent="Level" instance=ExtResource("11_imku0")]
transform = Transform3D(-0.116724, 0, -0.993164, 0, 1, 0, 0.993164, 0, -0.116724, -0.646987, 0, -8.32109)
script = ExtResource("8_tereu")
platform_scenes = Array[PackedScene]([ExtResource("12_wlxy5"), ExtResource("13_3v7ru"), ExtResource("22_2yde8")])
randomize_in_editor = true

[node name="@Node3D@347419" type="Node3D" parent="Level" instance=ExtResource("17_nu31w")]
transform = Transform3D(-0.00711291, 0, -0.999975, 0, 1, 0, 0.999975, 0, -0.00711291, 0.306425, 0, -12.6112)
script = ExtResource("8_tereu")
platform_scenes = Array[PackedScene]([ExtResource("18_obt1j")])
randomize_in_editor = true

[node name="@Node3D@347421" type="Node3D" parent="Level" instance=ExtResource("11_imku0")]
transform = Transform3D(0.814086, 0, 0.580745, 0, 1, 0, -0.580745, 0, 0.814086, -1.31944, 0, -14.9503)
script = ExtResource("8_tereu")
platform_scenes = Array[PackedScene]([ExtResource("12_wlxy5"), ExtResource("13_3v7ru"), ExtResource("22_2yde8")])
randomize_in_editor = true

[node name="@Node3D@347423" type="Node3D" parent="Level" instance=ExtResource("7_6iypd")]
transform = Transform3D(-0.728634, 0, 0.684903, 0, 1, 0, -0.684903, 0, -0.728634, 0.32084, 0, -19.5091)
script = ExtResource("8_tereu")
platform_scenes = Array[PackedScene]([ExtResource("9_cdqbm"), ExtResource("10_imku0"), ExtResource("19_obt1j"), ExtResource("9_cdqbm"), ExtResource("10_imku0")])
randomize_in_editor = true

[node name="@Node3D@347425" type="Node3D" parent="Level" instance=ExtResource("11_imku0")]
transform = Transform3D(0.723091, 0, 0.690753, 0, 1, 0, -0.690753, 0, 0.723091, 1.47399, 0, -26.8388)
script = ExtResource("8_tereu")
platform_scenes = Array[PackedScene]([ExtResource("12_wlxy5"), ExtResource("13_3v7ru"), ExtResource("22_2yde8")])
randomize_in_editor = true

[node name="@Node3D@347427" type="Node3D" parent="Level" instance=ExtResource("7_6iypd")]
transform = Transform3D(-0.995251, 0, -0.0973429, 0, 1, 0, 0.0973429, 0, -0.995251, -2.75019, 0, -32.1961)
script = ExtResource("8_tereu")
platform_scenes = Array[PackedScene]([ExtResource("9_cdqbm"), ExtResource("10_imku0"), ExtResource("19_obt1j"), ExtResource("9_cdqbm"), ExtResource("10_imku0")])
randomize_in_editor = true

[node name="@Node3D@347429" type="Node3D" parent="Level" instance=ExtResource("11_imku0")]
transform = Transform3D(0.953377, 0, 0.301783, 0, 1, 0, -0.301783, 0, 0.953377, -4.5707, 0, -35.4015)
script = ExtResource("8_tereu")
platform_scenes = Array[PackedScene]([ExtResource("12_wlxy5"), ExtResource("13_3v7ru"), ExtResource("22_2yde8")])
randomize_in_editor = true

[node name="@Node3D@347431" type="Node3D" parent="Level" instance=ExtResource("17_nu31w")]
transform = Transform3D(-0.920322, 0, 0.391163, 0, 1, 0, -0.391163, 0, -0.920322, -4.21059, 0, -40.0737)
script = ExtResource("8_tereu")
platform_scenes = Array[PackedScene]([ExtResource("18_obt1j")])
randomize_in_editor = true

[node name="@Node3D@347433" type="Node3D" parent="Level" instance=ExtResource("7_6iypd")]
transform = Transform3D(-0.993866, 0, 0.11059, 0, 1, 0, -0.11059, 0, -0.993866, -5.27871, 0, -44.2822)
script = ExtResource("8_tereu")
platform_scenes = Array[PackedScene]([ExtResource("9_cdqbm"), ExtResource("10_imku0"), ExtResource("19_obt1j"), ExtResource("9_cdqbm"), ExtResource("10_imku0")])
randomize_in_editor = true

[node name="@Node3D@347435" type="Node3D" parent="Level" instance=ExtResource("11_imku0")]
transform = Transform3D(0.510538, 0, -0.859855, 0, 1, 0, 0.859855, 0, 0.510538, -4.10091, 0, -48.0678)
script = ExtResource("8_tereu")
platform_scenes = Array[PackedScene]([ExtResource("12_wlxy5"), ExtResource("13_3v7ru"), ExtResource("22_2yde8")])
randomize_in_editor = true

[node name="@Node3D@347437" type="Node3D" parent="Level" instance=ExtResource("7_6iypd")]
transform = Transform3D(0.24686, 0, 0.969051, 0, 1, 0, -0.969051, 0, 0.24686, -0.290195, 0, -53.2755)
script = ExtResource("8_tereu")
platform_scenes = Array[PackedScene]([ExtResource("9_cdqbm"), ExtResource("10_imku0"), ExtResource("19_obt1j"), ExtResource("9_cdqbm"), ExtResource("10_imku0")])
randomize_in_editor = true

[node name="@Node3D@347439" type="Node3D" parent="Level" instance=ExtResource("11_imku0")]
transform = Transform3D(-0.822335, 0, 0.569004, 0, 1, 0, -0.569004, 0, -0.822335, 3.36823, 0, -57.6429)
script = ExtResource("8_tereu")
platform_scenes = Array[PackedScene]([ExtResource("12_wlxy5"), ExtResource("13_3v7ru"), ExtResource("22_2yde8")])
randomize_in_editor = true

[node name="@Node3D@347441" type="Node3D" parent="Level" instance=ExtResource("7_6iypd")]
transform = Transform3D(0.427973, 0, 0.903792, 0, 1, 0, -0.903792, 0, 0.427973, 4.26126, 0, -63.1915)
script = ExtResource("8_tereu")
platform_scenes = Array[PackedScene]([ExtResource("9_cdqbm"), ExtResource("10_imku0"), ExtResource("19_obt1j"), ExtResource("9_cdqbm"), ExtResource("10_imku0")])
randomize_in_editor = true

[node name="@Node3D@347443" type="Node3D" parent="Level" instance=ExtResource("17_nu31w")]
transform = Transform3D(-0.0545964, 0, -0.998509, 0, 1, 0, 0.998509, 0, -0.0545964, 3.03555, 0, -65.9626)
script = ExtResource("8_tereu")
platform_scenes = Array[PackedScene]([ExtResource("18_obt1j")])
randomize_in_editor = true

[node name="@Node3D@347445" type="Node3D" parent="Level" instance=ExtResource("17_nu31w")]
transform = Transform3D(0.354354, 0, 0.935112, 0, 1, 0, -0.935112, 0, 0.354354, 2.34728, 0, -73.3787)
script = ExtResource("8_tereu")
platform_scenes = Array[PackedScene]([ExtResource("18_obt1j")])
randomize_in_editor = true

[node name="@Node3D@347447" type="Node3D" parent="Level" instance=ExtResource("11_imku0")]
transform = Transform3D(-0.79607, 0, 0.605204, 0, 1, 0, -0.605204, 0, -0.79607, 4.50903, 0, -78.4379)
script = ExtResource("8_tereu")
platform_scenes = Array[PackedScene]([ExtResource("12_wlxy5"), ExtResource("13_3v7ru"), ExtResource("22_2yde8")])
randomize_in_editor = true

[node name="@Node3D@347449" type="Node3D" parent="Level" instance=ExtResource("17_nu31w")]
transform = Transform3D(-0.969653, 0, 0.244484, 0, 1, 0, -0.244484, 0, -0.969653, 5.79827, 0, -82.3656)
script = ExtResource("8_tereu")
platform_scenes = Array[PackedScene]([ExtResource("18_obt1j")])
randomize_in_editor = true

[node name="@Node3D@347451" type="Node3D" parent="Level" instance=ExtResource("17_nu31w")]
transform = Transform3D(0.438522, 0, 0.89872, 0, 1, 0, -0.89872, 0, 0.438522, 3.25064, 0, -85.8473)
script = ExtResource("8_tereu")
platform_scenes = Array[PackedScene]([ExtResource("18_obt1j")])
randomize_in_editor = true

[node name="@Node3D@347453" type="Node3D" parent="Level" instance=ExtResource("11_imku0")]
transform = Transform3D(-0.289232, 0, 0.957259, 0, 1, 0, -0.957259, 0, -0.289232, 3.99115, 0, -89.4094)
script = ExtResource("8_tereu")
platform_scenes = Array[PackedScene]([ExtResource("12_wlxy5"), ExtResource("13_3v7ru"), ExtResource("22_2yde8")])
randomize_in_editor = true

[node name="@Node3D@347455" type="Node3D" parent="Level" instance=ExtResource("11_imku0")]
transform = Transform3D(0.0949379, 0, 0.995483, 0, 1, 0, -0.995483, 0, 0.0949379, 8.3574, 0, -94.7751)
script = ExtResource("8_tereu")
platform_scenes = Array[PackedScene]([ExtResource("12_wlxy5"), ExtResource("13_3v7ru"), ExtResource("22_2yde8")])
randomize_in_editor = true

[node name="@Node3D@347457" type="Node3D" parent="Level" instance=ExtResource("7_6iypd")]
transform = Transform3D(0.475415, 0, -0.879762, 0, 1, 0, 0.879762, 0, 0.475415, 5.88231, 0, -101.42)
script = ExtResource("8_tereu")
platform_scenes = Array[PackedScene]([ExtResource("9_cdqbm"), ExtResource("10_imku0"), ExtResource("19_obt1j"), ExtResource("9_cdqbm"), ExtResource("10_imku0")])
randomize_in_editor = true

[node name="@Node3D@347459" type="Node3D" parent="Level" instance=ExtResource("17_nu31w")]
transform = Transform3D(-0.364908, 0, 0.931044, 0, 1, 0, -0.931044, 0, -0.364908, 6.16285, 0, -104.244)
script = ExtResource("8_tereu")
platform_scenes = Array[PackedScene]([ExtResource("18_obt1j")])
randomize_in_editor = true

[node name="@Node3D@347461" type="Node3D" parent="Level" instance=ExtResource("17_nu31w")]
transform = Transform3D(-0.484923, 0, -0.874557, 0, 1, 0, 0.874557, 0, -0.484923, 8.85793, 0, -109.479)
script = ExtResource("8_tereu")
platform_scenes = Array[PackedScene]([ExtResource("18_obt1j")])
randomize_in_editor = true

[node name="@Node3D@347463" type="Node3D" parent="Level" instance=ExtResource("17_nu31w")]
transform = Transform3D(-0.835803, 0, -0.549029, 0, 1, 0, 0.549029, 0, -0.835803, 9.32832, 0, -113.052)
script = ExtResource("8_tereu")
platform_scenes = Array[PackedScene]([ExtResource("18_obt1j")])
randomize_in_editor = true

[node name="@Node3D@347465" type="Node3D" parent="Level" instance=ExtResource("17_nu31w")]
transform = Transform3D(-0.997035, 0, -0.0769458, 0, 1, 0, 0.0769458, 0, -0.997035, 5.01586, 0, -117.719)
script = ExtResource("8_tereu")
platform_scenes = Array[PackedScene]([ExtResource("18_obt1j")])
randomize_in_editor = true

[node name="@Node3D@347467" type="Node3D" parent="Level" instance=ExtResource("11_imku0")]
transform = Transform3D(-0.994109, 0, 0.108384, 0, 1, 0, -0.108384, 0, -0.994109, 1.84614, 0, -123.803)
script = ExtResource("8_tereu")
platform_scenes = Array[PackedScene]([ExtResource("12_wlxy5"), ExtResource("13_3v7ru"), ExtResource("22_2yde8")])
randomize_in_editor = true

[node name="@Node3D@347469" type="Node3D" parent="Level" instance=ExtResource("11_imku0")]
transform = Transform3D(-0.991966, 0, 0.126506, 0, 1, 0, -0.126506, 0, -0.991966, 3.09877, 0, -127.85)
script = ExtResource("8_tereu")
platform_scenes = Array[PackedScene]([ExtResource("12_wlxy5"), ExtResource("13_3v7ru"), ExtResource("22_2yde8")])
randomize_in_editor = true

[node name="@Node3D@347471" type="Node3D" parent="Level" instance=ExtResource("11_imku0")]
transform = Transform3D(-0.838443, 0, -0.54499, 0, 1, 0, 0.54499, 0, -0.838443, 7.69063, 0, -97.7215)
script = ExtResource("8_tereu")
platform_scenes = Array[PackedScene]([ExtResource("12_wlxy5"), ExtResource("13_3v7ru"), ExtResource("22_2yde8")])
randomize_in_editor = true

[node name="@Node3D@347473" type="Node3D" parent="Level" instance=ExtResource("11_imku0")]
transform = Transform3D(0.615274, 0, -0.788313, 0, 1, 0, 0.788313, 0, 0.615274, 2.25324, 0, -93.6279)
script = ExtResource("8_tereu")
platform_scenes = Array[PackedScene]([ExtResource("12_wlxy5"), ExtResource("13_3v7ru"), ExtResource("22_2yde8")])
randomize_in_editor = true

[node name="@Node3D@347475" type="Node3D" parent="Level" instance=ExtResource("17_nu31w")]
transform = Transform3D(-0.926756, 0, 0.375663, 0, 1, 0, -0.375663, 0, -0.926756, 4.91334, 0, -69.6251)
script = ExtResource("8_tereu")
platform_scenes = Array[PackedScene]([ExtResource("18_obt1j")])
randomize_in_editor = true

[node name="@Node3D@347477" type="Node3D" parent="Level" instance=ExtResource("17_nu31w")]
transform = Transform3D(0.559058, 0, 0.829129, 0, 1, 0, -0.829129, 0, 0.559058, 0.481736, 0, -61.8529)
script = ExtResource("8_tereu")
platform_scenes = Array[PackedScene]([ExtResource("18_obt1j")])
randomize_in_editor = true

[node name="@Node3D@347479" type="Node3D" parent="Level" instance=ExtResource("17_nu31w")]
transform = Transform3D(-0.0717614, 0, -0.997422, 0, 1, 0, 0.997422, 0, -0.0717614, -1.13529, 0, -64.4717)
script = ExtResource("8_tereu")
platform_scenes = Array[PackedScene]([ExtResource("18_obt1j")])
randomize_in_editor = true

[node name="@Node3D@347481" type="Node3D" parent="Level" instance=ExtResource("17_nu31w")]
transform = Transform3D(0.989729, 0, -0.142954, 0, 1, 0, 0.142954, 0, 0.989729, -0.996921, 0, -69.0119)
script = ExtResource("8_tereu")
platform_scenes = Array[PackedScene]([ExtResource("18_obt1j")])
randomize_in_editor = true

[node name="@Node3D@347483" type="Node3D" parent="Level" instance=ExtResource("7_6iypd")]
transform = Transform3D(0.349453, 0, -0.936954, 0, 1, 0, 0.936954, 0, 0.349453, -0.669562, 0, -76.3227)
script = ExtResource("8_tereu")
platform_scenes = Array[PackedScene]([ExtResource("9_cdqbm"), ExtResource("10_imku0"), ExtResource("19_obt1j"), ExtResource("9_cdqbm"), ExtResource("10_imku0")])
randomize_in_editor = true

[node name="@Node3D@347485" type="Node3D" parent="Level" instance=ExtResource("7_6iypd")]
transform = Transform3D(-0.154244, 0, 0.988033, 0, 1, 0, -0.988033, 0, -0.154244, -2.21266, 0, -78.9184)
script = ExtResource("8_tereu")
platform_scenes = Array[PackedScene]([ExtResource("9_cdqbm"), ExtResource("10_imku0"), ExtResource("19_obt1j"), ExtResource("9_cdqbm"), ExtResource("10_imku0")])
randomize_in_editor = true

[node name="@Node3D@347487" type="Node3D" parent="Level" instance=ExtResource("17_nu31w")]
transform = Transform3D(-0.809416, 0, 0.587236, 0, 1, 0, -0.587236, 0, -0.809416, -2.75636, 0, -85.3595)
script = ExtResource("8_tereu")
platform_scenes = Array[PackedScene]([ExtResource("18_obt1j")])
randomize_in_editor = true

[node name="@Node3D@347489" type="Node3D" parent="Level" instance=ExtResource("17_nu31w")]
transform = Transform3D(-0.96775, 0, -0.251911, 0, 1, 0, 0.251911, 0, -0.96775, -2.07264, 0, -89.3927)
script = ExtResource("8_tereu")
platform_scenes = Array[PackedScene]([ExtResource("18_obt1j")])
randomize_in_editor = true

[node name="@Node3D@347491" type="Node3D" parent="Level" instance=ExtResource("11_imku0")]
transform = Transform3D(0.718953, 0, -0.695059, 0, 1, 0, 0.695059, 0, 0.718953, -4.00008, 0, -94.4207)
script = ExtResource("8_tereu")
platform_scenes = Array[PackedScene]([ExtResource("12_wlxy5"), ExtResource("13_3v7ru"), ExtResource("22_2yde8")])
randomize_in_editor = true

[node name="@Node3D@347493" type="Node3D" parent="Level" instance=ExtResource("11_imku0")]
transform = Transform3D(0.578354, 0, 0.815786, 0, 1, 0, -0.815786, 0, 0.578354, -6.81052, 0, -97.5214)
script = ExtResource("8_tereu")
platform_scenes = Array[PackedScene]([ExtResource("12_wlxy5"), ExtResource("13_3v7ru"), ExtResource("22_2yde8")])
randomize_in_editor = true

[node name="@Node3D@347495" type="Node3D" parent="Level" instance=ExtResource("11_imku0")]
transform = Transform3D(-0.619346, 0, -0.785118, 0, 1, 0, 0.785118, 0, -0.619346, -8.65771, 0, -102.887)
script = ExtResource("8_tereu")
platform_scenes = Array[PackedScene]([ExtResource("12_wlxy5"), ExtResource("13_3v7ru"), ExtResource("22_2yde8")])
randomize_in_editor = true

[node name="@Node3D@347497" type="Node3D" parent="Level" instance=ExtResource("7_6iypd")]
transform = Transform3D(-0.951555, 0, 0.307479, 0, 1, 0, -0.307479, 0, -0.951555, -5.28804, 0, -107.212)
script = ExtResource("8_tereu")
platform_scenes = Array[PackedScene]([ExtResource("9_cdqbm"), ExtResource("10_imku0"), ExtResource("19_obt1j"), ExtResource("9_cdqbm"), ExtResource("10_imku0")])
randomize_in_editor = true

[node name="@Node3D@347499" type="Node3D" parent="Level" instance=ExtResource("7_6iypd")]
transform = Transform3D(0.219902, 0, -0.975522, 0, 1, 0, 0.975522, 0, 0.219902, -7.64533, 0, -110.191)
script = ExtResource("8_tereu")
platform_scenes = Array[PackedScene]([ExtResource("9_cdqbm"), ExtResource("10_imku0"), ExtResource("19_obt1j"), ExtResource("9_cdqbm"), ExtResource("10_imku0")])
randomize_in_editor = true

[node name="@Node3D@347501" type="Node3D" parent="Level" instance=ExtResource("11_imku0")]
transform = Transform3D(0.679274, 0, -0.733885, 0, 1, 0, 0.733885, 0, 0.679274, -7.66302, 0, -114.823)
script = ExtResource("8_tereu")
platform_scenes = Array[PackedScene]([ExtResource("12_wlxy5"), ExtResource("13_3v7ru"), ExtResource("22_2yde8")])
randomize_in_editor = true

[node name="@Node3D@347503" type="Node3D" parent="Level" instance=ExtResource("17_nu31w")]
transform = Transform3D(-0.886174, 0, -0.463352, 0, 1, 0, 0.463352, 0, -0.886174, -8.26931, 0, -117.341)
script = ExtResource("8_tereu")
platform_scenes = Array[PackedScene]([ExtResource("18_obt1j")])
randomize_in_editor = true

[node name="@Node3D@347505" type="Node3D" parent="Level" instance=ExtResource("7_6iypd")]
transform = Transform3D(0.990684, 0, -0.136183, 0, 1, 0, 0.136183, 0, 0.990684, -8.55008, 0, -120.244)
script = ExtResource("8_tereu")
platform_scenes = Array[PackedScene]([ExtResource("9_cdqbm"), ExtResource("10_imku0"), ExtResource("19_obt1j"), ExtResource("9_cdqbm"), ExtResource("10_imku0")])
randomize_in_editor = true

[node name="@Node3D@347507" type="Node3D" parent="Level" instance=ExtResource("11_imku0")]
transform = Transform3D(0.163357, 0, -0.986567, 0, 1, 0, 0.986567, 0, 0.163357, -8.7901, 0, -122.892)
script = ExtResource("8_tereu")
platform_scenes = Array[PackedScene]([ExtResource("12_wlxy5"), ExtResource("13_3v7ru"), ExtResource("22_2yde8")])
randomize_in_editor = true

[node name="@Node3D@347509" type="Node3D" parent="Level" instance=ExtResource("11_imku0")]
transform = Transform3D(-0.256427, 0, 0.966564, 0, 1, 0, -0.966564, 0, -0.256427, -5.60546, 0, -126.098)
script = ExtResource("8_tereu")
platform_scenes = Array[PackedScene]([ExtResource("12_wlxy5"), ExtResource("13_3v7ru"), ExtResource("22_2yde8")])
randomize_in_editor = true

[node name="@Node3D@347511" type="Node3D" parent="Level" instance=ExtResource("11_imku0")]
transform = Transform3D(0.988751, 0, 0.14957, 0, 1, 0, -0.14957, 0, 0.988751, -4.24955, 0, -121.422)
script = ExtResource("8_tereu")
platform_scenes = Array[PackedScene]([ExtResource("12_wlxy5"), ExtResource("13_3v7ru"), ExtResource("22_2yde8")])
randomize_in_editor = true

[node name="@Node3D@347513" type="Node3D" parent="Level" instance=ExtResource("7_6iypd")]
transform = Transform3D(0.813569, 0, -0.581468, 0, 1, 0, 0.581468, 0, 0.813569, -7.82903, 0, -105.302)
script = ExtResource("8_tereu")
platform_scenes = Array[PackedScene]([ExtResource("9_cdqbm"), ExtResource("10_imku0"), ExtResource("19_obt1j"), ExtResource("9_cdqbm"), ExtResource("10_imku0")])
randomize_in_editor = true

[node name="@Node3D@347515" type="Node3D" parent="Level" instance=ExtResource("11_imku0")]
transform = Transform3D(-0.372278, 0, 0.928121, 0, 1, 0, -0.928121, 0, -0.372278, -1.40924, 0, -95.1102)
script = ExtResource("8_tereu")
platform_scenes = Array[PackedScene]([ExtResource("12_wlxy5"), ExtResource("13_3v7ru"), ExtResource("22_2yde8")])
randomize_in_editor = true

[node name="@Node3D@347517" type="Node3D" parent="Level" instance=ExtResource("11_imku0")]
transform = Transform3D(-0.858777, 0, -0.51235, 0, 1, 0, 0.51235, 0, -0.858777, -0.434094, 0, -101.963)
script = ExtResource("8_tereu")
platform_scenes = Array[PackedScene]([ExtResource("12_wlxy5"), ExtResource("13_3v7ru"), ExtResource("22_2yde8")])
randomize_in_editor = true

[node name="@Node3D@347519" type="Node3D" parent="Level" instance=ExtResource("17_nu31w")]
transform = Transform3D(-0.994152, 0, -0.107992, 0, 1, 0, 0.107992, 0, -0.994152, 0.53378, 0, -80.5588)
script = ExtResource("8_tereu")
platform_scenes = Array[PackedScene]([ExtResource("18_obt1j")])
randomize_in_editor = true

[node name="@Node3D@347521" type="Node3D" parent="Level" instance=ExtResource("11_imku0")]
transform = Transform3D(0.999094, 0, -0.0425523, 0, 1, 0, 0.0425523, 0, 0.999094, 4.57147, 0, -31.811)
script = ExtResource("8_tereu")
platform_scenes = Array[PackedScene]([ExtResource("12_wlxy5"), ExtResource("13_3v7ru"), ExtResource("22_2yde8")])
randomize_in_editor = true

[node name="@Node3D@347523" type="Node3D" parent="Level" instance=ExtResource("7_6iypd")]
transform = Transform3D(-0.999598, 0, -0.0283583, 0, 1, 0, 0.0283583, 0, -0.999598, 4.53659, 0, -35.2668)
script = ExtResource("8_tereu")
platform_scenes = Array[PackedScene]([ExtResource("9_cdqbm"), ExtResource("10_imku0"), ExtResource("19_obt1j"), ExtResource("9_cdqbm"), ExtResource("10_imku0")])
randomize_in_editor = true

[node name="@Node3D@347525" type="Node3D" parent="Level" instance=ExtResource("11_imku0")]
transform = Transform3D(-0.825596, 0, 0.564261, 0, 1, 0, -0.564261, 0, -0.825596, 7.90522, 0, -41.7811)
script = ExtResource("8_tereu")
platform_scenes = Array[PackedScene]([ExtResource("12_wlxy5"), ExtResource("13_3v7ru"), ExtResource("22_2yde8")])
randomize_in_editor = true

[node name="@Node3D@347527" type="Node3D" parent="Level" instance=ExtResource("11_imku0")]
transform = Transform3D(-0.999898, 0, 0.0142755, 0, 1, 0, -0.0142755, 0, -0.999898, 6.659, 0, -45.4803)
script = ExtResource("8_tereu")
platform_scenes = Array[PackedScene]([ExtResource("12_wlxy5"), ExtResource("13_3v7ru"), ExtResource("22_2yde8")])
randomize_in_editor = true

[node name="@Node3D@347529" type="Node3D" parent="Level" instance=ExtResource("7_6iypd")]
transform = Transform3D(-0.762002, 0, 0.647575, 0, 1, 0, -0.647575, 0, -0.762002, 4.71592, 0, -50.4163)
script = ExtResource("8_tereu")
platform_scenes = Array[PackedScene]([ExtResource("9_cdqbm"), ExtResource("10_imku0"), ExtResource("19_obt1j"), ExtResource("9_cdqbm"), ExtResource("10_imku0")])
randomize_in_editor = true

[node name="@Node3D@347531" type="Node3D" parent="Level" instance=ExtResource("17_nu31w")]
transform = Transform3D(0.904867, 0, -0.425694, 0, 1, 0, 0.425694, 0, 0.904867, 7.99876, 0, -53.8395)
script = ExtResource("8_tereu")
platform_scenes = Array[PackedScene]([ExtResource("18_obt1j")])
randomize_in_editor = true

[node name="@Node3D@347533" type="Node3D" parent="Level" instance=ExtResource("17_nu31w")]
transform = Transform3D(0.644152, 0, -0.764898, 0, 1, 0, 0.764898, 0, 0.644152, 6.41813, 0, -56.2783)
script = ExtResource("8_tereu")
platform_scenes = Array[PackedScene]([ExtResource("18_obt1j")])
randomize_in_editor = true

[node name="@Node3D@347535" type="Node3D" parent="Level" instance=ExtResource("7_6iypd")]
transform = Transform3D(0.54115, 0, -0.840926, 0, 1, 0, 0.840926, 0, 0.54115, 9.93328, 0, -61.8448)
script = ExtResource("8_tereu")
platform_scenes = Array[PackedScene]([ExtResource("9_cdqbm"), ExtResource("10_imku0"), ExtResource("19_obt1j"), ExtResource("9_cdqbm"), ExtResource("10_imku0")])
randomize_in_editor = true

[node name="@Node3D@347537" type="Node3D" parent="Level" instance=ExtResource("11_imku0")]
transform = Transform3D(-0.420819, 0, -0.907145, 0, 1, 0, 0.907145, 0, -0.420819, 6.01727, 0, -67.2954)
script = ExtResource("8_tereu")
platform_scenes = Array[PackedScene]([ExtResource("12_wlxy5"), ExtResource("13_3v7ru"), ExtResource("22_2yde8")])
randomize_in_editor = true

[node name="@Node3D@347539" type="Node3D" parent="Level" instance=ExtResource("17_nu31w")]
transform = Transform3D(0.80464, 0, 0.593763, 0, 1, 0, -0.593763, 0, 0.80464, 3.82586, 0, -53.9725)
script = ExtResource("8_tereu")
