[gd_scene load_steps=33 format=3 uid="uid://3f7k8dolqfhh"]

[ext_resource type="PackedScene" uid="uid://g4tbrr3sfui2" path="res://player.tscn" id="1_a202f"]
[ext_resource type="Script" uid="uid://b85s3xfg6xv8i" path="res://game_manager.gd" id="1_tereu"]
[ext_resource type="FontFile" uid="uid://decj3qo5pg26d" path="res://kirifont/KiriFont.otf" id="2_cdqbm"]
[ext_resource type="LabelSettings" uid="uid://b32jxxg8k3j45" path="res://custom.tres" id="2_tereu"]
[ext_resource type="LabelSettings" uid="uid://c2fbmgdggtmr8" path="res://leaderboard.tres" id="4_imku0"]
[ext_resource type="PackedScene" uid="uid://o6nh6fno5b0d" path="res://level/level.tscn" id="6_i5arm"]
[ext_resource type="PackedScene" uid="uid://berc3ktdu00jq" path="res://water_grid.tscn" id="6_jsk3o"]
[ext_resource type="PackedScene" uid="uid://cloxm7yrf3dau" path="res://player4.tscn" id="6_vxd74"]
[ext_resource type="PackedScene" uid="uid://6kx5nm2ecru" path="res://items/generators/items.tscn" id="6_wc5p8"]
[ext_resource type="PackedScene" uid="uid://bgowpuve5rom4" path="res://level/1x1/1x1.tscn" id="7_6iypd"]
[ext_resource type="PackedScene" uid="uid://cwjt7a54ooioq" path="res://player3.tscn" id="7_dhlwf"]
[ext_resource type="PackedScene" uid="uid://oa4gk1w85htb" path="res://kill_zone.tscn" id="7_wc5p8"]
[ext_resource type="PackedScene" uid="uid://685x3hhuvr5l" path="res://player2.tscn" id="8_5t8nk"]
[ext_resource type="Script" uid="uid://4ohwjxvwlf14" path="res://scripts/random_platform.gd" id="8_tereu"]
[ext_resource type="PackedScene" uid="uid://bau54xbcyquty" path="res://goal.tscn" id="9_4arys"]
[ext_resource type="PackedScene" uid="uid://evotmterwgic" path="res://level/1x1/0.tscn" id="9_cdqbm"]
[ext_resource type="PackedScene" uid="uid://bq3jgcl0fepk2" path="res://level/1x1/1.tscn" id="10_imku0"]
[ext_resource type="PackedScene" uid="uid://bct2vsr7ymxi4" path="res://level/2x2/2x2.tscn" id="11_imku0"]
[ext_resource type="PackedScene" uid="uid://l2l3mvvrqhsu" path="res://level/2x2/0.tscn" id="12_wlxy5"]
[ext_resource type="PackedScene" uid="uid://da3dp6rlapf65" path="res://level/2x2/1.tscn" id="13_3v7ru"]
[ext_resource type="PackedScene" uid="uid://ck51bdne8ldwv" path="res://island.tscn" id="14_wlxy5"]
[ext_resource type="PackedScene" uid="uid://bpulflnw0vw5l" path="res://level/2x1/2x1.tscn" id="17_nu31w"]
[ext_resource type="PackedScene" uid="uid://dviuybxhwu1ho" path="res://level/2x1/0.tscn" id="18_obt1j"]
[ext_resource type="PackedScene" uid="uid://gof5kolddo3a" path="res://level/1x1/2.tscn" id="19_obt1j"]
[ext_resource type="PackedScene" uid="uid://bsmlem37lo4th" path="res://level/2x2/2.tscn" id="22_2yde8"]
[ext_resource type="PackedScene" uid="uid://csmc4dfieimjx" path="res://meshes/Startplatform/Startingplatform.tscn" id="24_dhlwf"]

[sub_resource type="LabelSettings" id="LabelSettings_cdqbm"]
font = ExtResource("2_cdqbm")
font_size = 300
outline_size = 40
outline_color = Color(0, 0, 0, 1)

[sub_resource type="StyleBoxFlat" id="StyleBoxFlat_cdqbm"]
bg_color = Color(7.52043e-08, 0.0590926, 0.150703, 0.411765)

[sub_resource type="ProceduralSkyMaterial" id="ProceduralSkyMaterial_noarx"]

[sub_resource type="Sky" id="Sky_noarx"]
sky_material = SubResource("ProceduralSkyMaterial_noarx")

[sub_resource type="Environment" id="Environment_a0tk4"]
background_mode = 2
background_energy_multiplier = 2.5
sky = SubResource("Sky_noarx")

[sub_resource type="CameraAttributesPractical" id="CameraAttributesPractical_noarx"]

[node name="Game" type="Node3D"]

[node name="GameManager" type="Node" parent="."]
script = ExtResource("1_tereu")

[node name="CanvasLayer" type="CanvasLayer" parent="GameManager"]
layer = 100

[node name="SharedLabel" type="Label" parent="GameManager/CanvasLayer"]
custom_minimum_size = Vector2(400, 400)
anchors_preset = 8
anchor_left = 0.5
anchor_top = 0.5
anchor_right = 0.5
anchor_bottom = 0.5
offset_left = -960.0
offset_top = -540.0
offset_right = 960.0
offset_bottom = 540.0
grow_horizontal = 2
grow_vertical = 2
pivot_offset = Vector2(960, 540)
size_flags_vertical = 1
theme_override_font_sizes/font_size = 50
label_settings = ExtResource("2_tereu")
horizontal_alignment = 1
vertical_alignment = 1
autowrap_mode = 2
metadata/_edit_use_anchors_ = true

[node name="SharedLabel2" type="Label" parent="GameManager/CanvasLayer"]
custom_minimum_size = Vector2(2000, 1200)
anchors_preset = 8
anchor_left = 0.5
anchor_top = 0.5
anchor_right = 0.5
anchor_bottom = 0.5
offset_left = -1000.0
offset_top = -600.0
offset_right = 1000.0
offset_bottom = 600.0
grow_horizontal = 2
grow_vertical = 2
size_flags_vertical = 1
text = " "
label_settings = SubResource("LabelSettings_cdqbm")
horizontal_alignment = 1
vertical_alignment = 1
autowrap_mode = 2
metadata/_edit_use_anchors_ = true

[node name="opacity" type="Panel" parent="GameManager/CanvasLayer"]
visible = false
anchors_preset = 15
anchor_right = 1.0
anchor_bottom = 1.0
grow_horizontal = 2
grow_vertical = 2
size_flags_horizontal = 4
size_flags_vertical = 4
theme_override_styles/panel = SubResource("StyleBoxFlat_cdqbm")

[node name="Leaderboard" type="Panel" parent="GameManager/CanvasLayer/opacity"]
custom_minimum_size = Vector2(500, 500)
layout_mode = 1
anchors_preset = 8
anchor_left = 0.5
anchor_top = 0.5
anchor_right = 0.5
anchor_bottom = 0.5
offset_left = -250.0
offset_top = -250.0
offset_right = 250.0
offset_bottom = 250.0
grow_horizontal = 2
grow_vertical = 2

[node name="VBoxContainer" type="VBoxContainer" parent="GameManager/CanvasLayer/opacity/Leaderboard"]
layout_mode = 1
anchors_preset = 15
anchor_right = 1.0
anchor_bottom = 1.0
grow_horizontal = 2
grow_vertical = 2
theme_override_constants/separation = 20

[node name="Score1st" type="Label" parent="GameManager/CanvasLayer/opacity/Leaderboard/VBoxContainer"]
custom_minimum_size = Vector2(100, 100)
layout_mode = 2
size_flags_vertical = 3
label_settings = ExtResource("4_imku0")
horizontal_alignment = 1
vertical_alignment = 1
autowrap_mode = 2

[node name="Score2nd" type="Label" parent="GameManager/CanvasLayer/opacity/Leaderboard/VBoxContainer"]
custom_minimum_size = Vector2(100, 100)
layout_mode = 2
size_flags_vertical = 3
label_settings = ExtResource("4_imku0")
horizontal_alignment = 1
vertical_alignment = 1
autowrap_mode = 2

[node name="Score3rd" type="Label" parent="GameManager/CanvasLayer/opacity/Leaderboard/VBoxContainer"]
custom_minimum_size = Vector2(100, 100)
layout_mode = 2
size_flags_vertical = 3
label_settings = ExtResource("4_imku0")
horizontal_alignment = 1
vertical_alignment = 1
autowrap_mode = 2

[node name="Score4th" type="Label" parent="GameManager/CanvasLayer/opacity/Leaderboard/VBoxContainer"]
custom_minimum_size = Vector2(100, 100)
layout_mode = 2
size_flags_vertical = 3
label_settings = ExtResource("4_imku0")
horizontal_alignment = 1
vertical_alignment = 1
autowrap_mode = 2

[node name="Leaderboard2" type="Panel" parent="GameManager/CanvasLayer/opacity"]
visible = false
custom_minimum_size = Vector2(1000, 150)
layout_mode = 1
anchors_preset = 8
anchor_left = 0.5
anchor_top = 0.5
anchor_right = 0.5
anchor_bottom = 0.5
offset_left = -500.0
offset_top = 140.0
offset_right = 500.0
offset_bottom = 290.0
grow_horizontal = 2
grow_vertical = 2

[node name="MarginContainer" type="MarginContainer" parent="GameManager/CanvasLayer/opacity/Leaderboard2"]
layout_mode = 1
anchors_preset = 15
anchor_right = 1.0
anchor_bottom = 1.0
grow_horizontal = 2
grow_vertical = 2
theme_override_constants/margin_left = 30
theme_override_constants/margin_top = 30
theme_override_constants/margin_right = 30
theme_override_constants/margin_bottom = 30

[node name="HBoxContainer" type="HBoxContainer" parent="GameManager/CanvasLayer/opacity/Leaderboard2/MarginContainer"]
custom_minimum_size = Vector2(1000, 0)
layout_mode = 2
theme_override_constants/separation = 100

[node name="Options" type="Button" parent="GameManager/CanvasLayer/opacity/Leaderboard2/MarginContainer/HBoxContainer"]
layout_mode = 2
size_flags_horizontal = 3
size_flags_vertical = 3
theme_override_fonts/font = ExtResource("2_cdqbm")
theme_override_font_sizes/font_size = 50
text = "Options"

[node name="StartGame" type="Button" parent="GameManager/CanvasLayer/opacity/Leaderboard2/MarginContainer/HBoxContainer"]
layout_mode = 2
size_flags_horizontal = 3
size_flags_vertical = 3
theme_override_fonts/font = ExtResource("2_cdqbm")
theme_override_font_sizes/font_size = 50
text = "Restart"

[node name="Quit" type="Button" parent="GameManager/CanvasLayer/opacity/Leaderboard2/MarginContainer/HBoxContainer"]
layout_mode = 2
size_flags_horizontal = 3
size_flags_vertical = 3
theme_override_fonts/font = ExtResource("2_cdqbm")
theme_override_font_sizes/font_size = 50
text = "quit"

[node name="DirectionalLight3D" type="DirectionalLight3D" parent="."]
transform = Transform3D(-0.534213, -0.815404, -0.223011, -0.284691, -0.0748638, 0.955692, -0.79597, 0.574032, -0.192145, -4.2404, 11.0469, -3.46405)
shadow_enabled = true

[node name="WorldEnvironment" type="WorldEnvironment" parent="."]
environment = SubResource("Environment_a0tk4")
camera_attributes = SubResource("CameraAttributesPractical_noarx")

[node name="GridContainer" type="GridContainer" parent="."]
anchors_preset = 15
anchor_right = 1.0
anchor_bottom = 1.0
grow_horizontal = 2
grow_vertical = 2
columns = 2

[node name="SubViewportContainer" type="SubViewportContainer" parent="GridContainer"]
layout_mode = 2
size_flags_horizontal = 3
size_flags_vertical = 3
stretch = true

[node name="SubViewport" type="SubViewport" parent="GridContainer/SubViewportContainer"]
handle_input_locally = false
size = Vector2i(2, 2)
render_target_update_mode = 4

[node name="Player" parent="GridContainer/SubViewportContainer/SubViewport" instance=ExtResource("1_a202f")]
transform = Transform3D(1, 0, 0, 0, 1, 0, 0, 0, 1, 0, 10, 0)
axis_lock_angular_y = true

[node name="IconTexture" type="TextureRect" parent="GridContainer/SubViewportContainer/SubViewport/Player"]
offset_right = 150.0
offset_bottom = 150.0
expand_mode = 1

[node name="PointsLabel" type="Label" parent="GridContainer/SubViewportContainer/SubViewport/Player"]
anchors_preset = 2
anchor_top = 1.0
anchor_bottom = 1.0
offset_top = -23.0
offset_right = 79.0
grow_vertical = 0

[node name="MarginContainer" type="MarginContainer" parent="GridContainer/SubViewportContainer/SubViewport/Player"]
visible = false
offset_left = 20.0
offset_top = 20.0
offset_right = 60.0
offset_bottom = 61.0

[node name="CurrItemLabel" type="Label" parent="GridContainer/SubViewportContainer/SubViewport/Player/MarginContainer"]
layout_mode = 2

[node name="SubViewportContainer2" type="SubViewportContainer" parent="GridContainer"]
layout_mode = 2
size_flags_horizontal = 3
size_flags_vertical = 3
stretch = true

[node name="SubViewport" type="SubViewport" parent="GridContainer/SubViewportContainer2"]
handle_input_locally = false
size = Vector2i(2, 2)
render_target_update_mode = 4

[node name="Player2" parent="GridContainer/SubViewportContainer2/SubViewport" instance=ExtResource("8_5t8nk")]
transform = Transform3D(1, 0, 0, 0, 1, 0, 0, 0, 1, 2.5, 10, 0)

[node name="PointsLabel" type="Label" parent="GridContainer/SubViewportContainer2/SubViewport/Player2"]
anchors_preset = 3
anchor_left = 1.0
anchor_top = 1.0
anchor_right = 1.0
anchor_bottom = 1.0
offset_left = -79.0
offset_top = -41.0
grow_horizontal = 0
grow_vertical = 0

[node name="MarginContainer" type="MarginContainer" parent="GridContainer/SubViewportContainer2/SubViewport/Player2"]
visible = false
anchors_preset = 1
anchor_left = 1.0
anchor_right = 1.0
offset_left = -40.0
offset_bottom = 41.0
grow_horizontal = 0

[node name="CurrItemLabel" type="Label" parent="GridContainer/SubViewportContainer2/SubViewport/Player2/MarginContainer"]
layout_mode = 2

[node name="IconTexture" type="TextureRect" parent="GridContainer/SubViewportContainer2/SubViewport/Player2"]
anchors_preset = 1
anchor_left = 1.0
anchor_right = 1.0
offset_left = -150.0
offset_bottom = 150.0
grow_horizontal = 0
expand_mode = 1

[node name="SubViewportContainer3" type="SubViewportContainer" parent="GridContainer"]
layout_mode = 2
size_flags_horizontal = 3
size_flags_vertical = 3
stretch = true

[node name="SubViewport" type="SubViewport" parent="GridContainer/SubViewportContainer3"]
handle_input_locally = false
size = Vector2i(2, 2)
render_target_update_mode = 4

[node name="Player3" parent="GridContainer/SubViewportContainer3/SubViewport" instance=ExtResource("7_dhlwf")]
transform = Transform3D(1, 0, 0, 0, 1, 0, 0, 0, 1, 5, 10, 0)

[node name="IconTexture" type="TextureRect" parent="GridContainer/SubViewportContainer3/SubViewport/Player3"]
anchors_preset = 2
anchor_top = 1.0
anchor_bottom = 1.0
offset_top = -150.0
offset_right = 150.0
grow_vertical = 0
expand_mode = 1

[node name="PointsLabel" type="Label" parent="GridContainer/SubViewportContainer3/SubViewport/Player3"]
anchors_preset = 2
anchor_top = 1.0
anchor_bottom = 1.0
offset_top = -41.0
offset_right = 79.0
grow_vertical = 0

[node name="MarginContainer" type="MarginContainer" parent="GridContainer/SubViewportContainer3/SubViewport/Player3"]
visible = false
anchors_preset = 2
anchor_top = 1.0
anchor_bottom = 1.0
offset_top = -41.0
offset_right = 40.0
grow_vertical = 0

[node name="CurrItemLabel" type="Label" parent="GridContainer/SubViewportContainer3/SubViewport/Player3/MarginContainer"]
layout_mode = 2

[node name="SubViewportContainer4" type="SubViewportContainer" parent="GridContainer"]
layout_mode = 2
size_flags_horizontal = 3
size_flags_vertical = 3
stretch = true

[node name="SubViewport" type="SubViewport" parent="GridContainer/SubViewportContainer4"]
handle_input_locally = false
size = Vector2i(2, 2)
render_target_update_mode = 4

[node name="Player4" parent="GridContainer/SubViewportContainer4/SubViewport" instance=ExtResource("6_vxd74")]
transform = Transform3D(1, 0, 0, 0, 1, 0, 0, 0, 1, 7.5, 10, 0)

[node name="IconTexture" type="TextureRect" parent="GridContainer/SubViewportContainer4/SubViewport/Player4"]
anchors_preset = 3
anchor_left = 1.0
anchor_top = 1.0
anchor_right = 1.0
anchor_bottom = 1.0
offset_left = -150.0
offset_top = -150.0
grow_horizontal = 0
grow_vertical = 0
expand_mode = 1

[node name="PointsLabel" type="Label" parent="GridContainer/SubViewportContainer4/SubViewport/Player4"]
anchors_preset = 3
anchor_left = 1.0
anchor_top = 1.0
anchor_right = 1.0
anchor_bottom = 1.0
offset_left = -79.0
offset_top = -41.0
grow_horizontal = 0
grow_vertical = 0

[node name="MarginContainer" type="MarginContainer" parent="GridContainer/SubViewportContainer4/SubViewport/Player4"]
visible = false
anchors_preset = 3
anchor_left = 1.0
anchor_top = 1.0
anchor_right = 1.0
anchor_bottom = 1.0
offset_left = -40.0
offset_top = -41.0
grow_horizontal = 0
grow_vertical = 0

[node name="CurrItemLabel" type="Label" parent="GridContainer/SubViewportContainer4/SubViewport/Player4/MarginContainer"]
layout_mode = 2

[node name="Items" parent="." instance=ExtResource("6_wc5p8")]

[node name="Level" parent="." instance=ExtResource("6_i5arm")]

[node name="Node3D" type="Node3D" parent="Level" instance=ExtResource("11_imku0")]
transform = Transform3D(-0.498267, 0, 0.867024, 0, 1, 0, -0.867024, 0, -0.498267, 0, 0, 0)
script = ExtResource("8_tereu")
platform_scenes = Array[PackedScene]([ExtResource("12_wlxy5"), ExtResource("13_3v7ru"), ExtResource("22_2yde8")])
randomize_in_editor = true

[node name="@Node3D@22341" type="Node3D" parent="Level" instance=ExtResource("11_imku0")]
transform = Transform3D(0.80346, 0, -0.595359, 0, 1, 0, 0.595359, 0, 0.80346, 2.61261, 0, -3.57087)
script = ExtResource("8_tereu")
platform_scenes = Array[PackedScene]([ExtResource("12_wlxy5"), ExtResource("13_3v7ru"), ExtResource("22_2yde8")])
randomize_in_editor = true

[node name="@Node3D@22343" type="Node3D" parent="Level" instance=ExtResource("11_imku0")]
transform = Transform3D(0.913867, 0, 0.406013, 0, 1, 0, -0.406013, 0, 0.913867, 3.18031, 0, -9.75162)
script = ExtResource("8_tereu")
platform_scenes = Array[PackedScene]([ExtResource("12_wlxy5"), ExtResource("13_3v7ru"), ExtResource("22_2yde8")])
randomize_in_editor = true

[node name="@Node3D@22345" type="Node3D" parent="Level" instance=ExtResource("7_6iypd")]
transform = Transform3D(0.993758, 0, -0.111561, 0, 1, 0, 0.111561, 0, 0.993758, 4.69371, 0, -15.9462)
script = ExtResource("8_tereu")
platform_scenes = Array[PackedScene]([ExtResource("9_cdqbm"), ExtResource("10_imku0"), ExtResource("19_obt1j"), ExtResource("9_cdqbm"), ExtResource("10_imku0")])
randomize_in_editor = true

[node name="@Node3D@22347" type="Node3D" parent="Level" instance=ExtResource("7_6iypd")]
transform = Transform3D(-0.350928, 0, 0.936402, 0, 1, 0, -0.936402, 0, -0.350928, 7.56801, 0, -22.453)
script = ExtResource("8_tereu")
platform_scenes = Array[PackedScene]([ExtResource("9_cdqbm"), ExtResource("10_imku0"), ExtResource("19_obt1j"), ExtResource("9_cdqbm"), ExtResource("10_imku0")])
randomize_in_editor = true

[node name="@Node3D@22349" type="Node3D" parent="Level" instance=ExtResource("7_6iypd")]
transform = Transform3D(0.992804, 0, 0.119752, 0, 1, 0, -0.119752, 0, 0.992804, 4.97762, 0, -25.3228)
script = ExtResource("8_tereu")
platform_scenes = Array[PackedScene]([ExtResource("9_cdqbm"), ExtResource("10_imku0"), ExtResource("19_obt1j"), ExtResource("9_cdqbm"), ExtResource("10_imku0")])
randomize_in_editor = true

[node name="@Node3D@22351" type="Node3D" parent="Level" instance=ExtResource("17_nu31w")]
transform = Transform3D(-0.99588, 0, -0.0906795, 0, 1, 0, 0.0906795, 0, -0.99588, 1.97378, 0, -30.0289)
script = ExtResource("8_tereu")
platform_scenes = Array[PackedScene]([ExtResource("18_obt1j")])
randomize_in_editor = true

[node name="@Node3D@22353" type="Node3D" parent="Level" instance=ExtResource("11_imku0")]
transform = Transform3D(0.771903, 0, -0.635741, 0, 1, 0, 0.635741, 0, 0.771903, -2.02194, 0, -35.3643)
script = ExtResource("8_tereu")
platform_scenes = Array[PackedScene]([ExtResource("12_wlxy5"), ExtResource("13_3v7ru"), ExtResource("22_2yde8")])
randomize_in_editor = true

[node name="@Node3D@22355" type="Node3D" parent="Level" instance=ExtResource("7_6iypd")]
transform = Transform3D(-0.993501, 0, -0.113822, 0, 1, 0, 0.113822, 0, -0.993501, -3.84815, 0, -40.7194)
script = ExtResource("8_tereu")
platform_scenes = Array[PackedScene]([ExtResource("9_cdqbm"), ExtResource("10_imku0"), ExtResource("19_obt1j"), ExtResource("9_cdqbm"), ExtResource("10_imku0")])
randomize_in_editor = true

[node name="@Node3D@22357" type="Node3D" parent="Level" instance=ExtResource("7_6iypd")]
transform = Transform3D(0.699856, 0, 0.714284, 0, 1, 0, -0.714284, 0, 0.699856, -2.74347, 0, -43.1053)
script = ExtResource("8_tereu")
platform_scenes = Array[PackedScene]([ExtResource("9_cdqbm"), ExtResource("10_imku0"), ExtResource("19_obt1j"), ExtResource("9_cdqbm"), ExtResource("10_imku0")])
randomize_in_editor = true

[node name="@Node3D@22359" type="Node3D" parent="Level" instance=ExtResource("17_nu31w")]
transform = Transform3D(-0.856932, 0, -0.51543, 0, 1, 0, 0.51543, 0, -0.856932, -2.33039, 0, -48.0698)
script = ExtResource("8_tereu")
platform_scenes = Array[PackedScene]([ExtResource("18_obt1j")])
randomize_in_editor = true

[node name="@Node3D@22361" type="Node3D" parent="Level" instance=ExtResource("7_6iypd")]
transform = Transform3D(0.670998, 0, -0.741459, 0, 1, 0, 0.741459, 0, 0.670998, -2.33068, 0, -52.5932)
script = ExtResource("8_tereu")
platform_scenes = Array[PackedScene]([ExtResource("9_cdqbm"), ExtResource("10_imku0"), ExtResource("19_obt1j"), ExtResource("9_cdqbm"), ExtResource("10_imku0")])
randomize_in_editor = true

[node name="@Node3D@22363" type="Node3D" parent="Level" instance=ExtResource("11_imku0")]
transform = Transform3D(-0.0498001, 0, 0.998759, 0, 1, 0, -0.998759, 0, -0.0498001, -5.70139, 0, -58.4718)
script = ExtResource("8_tereu")
platform_scenes = Array[PackedScene]([ExtResource("12_wlxy5"), ExtResource("13_3v7ru"), ExtResource("22_2yde8")])
randomize_in_editor = true

[node name="@Node3D@22365" type="Node3D" parent="Level" instance=ExtResource("11_imku0")]
transform = Transform3D(-0.797741, 0, 0.603, 0, 1, 0, -0.603, 0, -0.797741, -9.01388, 0, -62.5702)
script = ExtResource("8_tereu")
platform_scenes = Array[PackedScene]([ExtResource("12_wlxy5"), ExtResource("13_3v7ru"), ExtResource("22_2yde8")])
randomize_in_editor = true

[node name="@Node3D@22367" type="Node3D" parent="Level" instance=ExtResource("17_nu31w")]
transform = Transform3D(-0.600904, 0, 0.799321, 0, 1, 0, -0.799321, 0, -0.600904, -11.4195, 0, -67.0311)
script = ExtResource("8_tereu")
platform_scenes = Array[PackedScene]([ExtResource("18_obt1j")])
randomize_in_editor = true

[node name="@Node3D@22369" type="Node3D" parent="Level" instance=ExtResource("7_6iypd")]
transform = Transform3D(-0.903956, 0, -0.427625, 0, 1, 0, 0.427625, 0, -0.903956, -6.91402, 0, -72.9774)
script = ExtResource("8_tereu")
platform_scenes = Array[PackedScene]([ExtResource("9_cdqbm"), ExtResource("10_imku0"), ExtResource("19_obt1j"), ExtResource("9_cdqbm"), ExtResource("10_imku0")])
randomize_in_editor = true

[node name="@Node3D@22371" type="Node3D" parent="Level" instance=ExtResource("17_nu31w")]
transform = Transform3D(0.464913, 0, 0.885357, 0, 1, 0, -0.885357, 0, 0.464913, -4.26595, 0, -76.275)
script = ExtResource("8_tereu")
platform_scenes = Array[PackedScene]([ExtResource("18_obt1j")])
randomize_in_editor = true

[node name="@Node3D@22373" type="Node3D" parent="Level" instance=ExtResource("11_imku0")]
transform = Transform3D(0.864083, 0, -0.503349, 0, 1, 0, 0.503349, 0, 0.864083, -6.60074, 0, -80.3404)
script = ExtResource("8_tereu")
platform_scenes = Array[PackedScene]([ExtResource("12_wlxy5"), ExtResource("13_3v7ru"), ExtResource("22_2yde8")])
randomize_in_editor = true

[node name="@Node3D@22375" type="Node3D" parent="Level" instance=ExtResource("11_imku0")]
transform = Transform3D(-0.357883, 0, -0.933766, 0, 1, 0, 0.933766, 0, -0.357883, -8.01539, 0, -83.6678)
script = ExtResource("8_tereu")
platform_scenes = Array[PackedScene]([ExtResource("12_wlxy5"), ExtResource("13_3v7ru"), ExtResource("22_2yde8")])
randomize_in_editor = true

[node name="@Node3D@22377" type="Node3D" parent="Level" instance=ExtResource("11_imku0")]
transform = Transform3D(-0.457972, 0, -0.888967, 0, 1, 0, 0.888967, 0, -0.457972, -8.04957, 0, -89.4905)
script = ExtResource("8_tereu")
platform_scenes = Array[PackedScene]([ExtResource("12_wlxy5"), ExtResource("13_3v7ru"), ExtResource("22_2yde8")])
randomize_in_editor = true

[node name="@Node3D@22379" type="Node3D" parent="Level" instance=ExtResource("11_imku0")]
transform = Transform3D(-0.880186, 0, -0.474629, 0, 1, 0, 0.474629, 0, -0.880186, -6.43574, 0, -93.1271)
script = ExtResource("8_tereu")
platform_scenes = Array[PackedScene]([ExtResource("12_wlxy5"), ExtResource("13_3v7ru"), ExtResource("22_2yde8")])
randomize_in_editor = true

[node name="@Node3D@22381" type="Node3D" parent="Level" instance=ExtResource("17_nu31w")]
transform = Transform3D(-0.496107, 0, 0.868261, 0, 1, 0, -0.868261, 0, -0.496107, -8.78829, 0, -95.8456)
script = ExtResource("8_tereu")
platform_scenes = Array[PackedScene]([ExtResource("18_obt1j")])
randomize_in_editor = true

[node name="@Node3D@22383" type="Node3D" parent="Level" instance=ExtResource("11_imku0")]
transform = Transform3D(0.972085, 0, 0.234628, 0, 1, 0, -0.234628, 0, 0.972085, -9.96341, 0, -99.1943)
script = ExtResource("8_tereu")
platform_scenes = Array[PackedScene]([ExtResource("12_wlxy5"), ExtResource("13_3v7ru"), ExtResource("22_2yde8")])
randomize_in_editor = true

[node name="@Node3D@22385" type="Node3D" parent="Level" instance=ExtResource("17_nu31w")]
transform = Transform3D(-0.730128, 0, -0.68331, 0, 1, 0, 0.68331, 0, -0.730128, -5.70984, 0, -104.726)
script = ExtResource("8_tereu")
platform_scenes = Array[PackedScene]([ExtResource("18_obt1j")])
randomize_in_editor = true

[node name="@Node3D@22387" type="Node3D" parent="Level" instance=ExtResource("17_nu31w")]
transform = Transform3D(-0.471801, 0, -0.881705, 0, 1, 0, 0.881705, 0, -0.471801, -7.11316, 0, -106.915)
script = ExtResource("8_tereu")
platform_scenes = Array[PackedScene]([ExtResource("18_obt1j")])
randomize_in_editor = true

[node name="@Node3D@22389" type="Node3D" parent="Level" instance=ExtResource("11_imku0")]
transform = Transform3D(0.960972, 0, -0.276645, 0, 1, 0, 0.276645, 0, 0.960972, -7.32831, 0, -112.035)
script = ExtResource("8_tereu")
platform_scenes = Array[PackedScene]([ExtResource("12_wlxy5"), ExtResource("13_3v7ru"), ExtResource("22_2yde8")])
randomize_in_editor = true

[node name="@Node3D@22391" type="Node3D" parent="Level" instance=ExtResource("17_nu31w")]
transform = Transform3D(-0.00079207, 0, 1, 0, 1, 0, -1, 0, -0.00079207, -6.7134, 0, -115.31)
script = ExtResource("8_tereu")
platform_scenes = Array[PackedScene]([ExtResource("18_obt1j")])
randomize_in_editor = true

[node name="@Node3D@22393" type="Node3D" parent="Level" instance=ExtResource("7_6iypd")]
transform = Transform3D(0.911683, 0, 0.410894, 0, 1, 0, -0.410894, 0, 0.911683, -4.52486, 0, -118.059)
script = ExtResource("8_tereu")
platform_scenes = Array[PackedScene]([ExtResource("9_cdqbm"), ExtResource("10_imku0"), ExtResource("19_obt1j"), ExtResource("9_cdqbm"), ExtResource("10_imku0")])
randomize_in_editor = true

[node name="@Node3D@22395" type="Node3D" parent="Level" instance=ExtResource("7_6iypd")]
transform = Transform3D(-0.471432, 0, -0.881902, 0, 1, 0, 0.881902, 0, -0.471432, -1.90816, 0, -121.241)
script = ExtResource("8_tereu")
platform_scenes = Array[PackedScene]([ExtResource("9_cdqbm"), ExtResource("10_imku0"), ExtResource("19_obt1j"), ExtResource("9_cdqbm"), ExtResource("10_imku0")])
randomize_in_editor = true

[node name="@Node3D@22397" type="Node3D" parent="Level" instance=ExtResource("7_6iypd")]
transform = Transform3D(0.947259, 0, 0.320468, 0, 1, 0, -0.320468, 0, 0.947259, 0.583142, 0, -126.101)
script = ExtResource("8_tereu")
platform_scenes = Array[PackedScene]([ExtResource("9_cdqbm"), ExtResource("10_imku0"), ExtResource("19_obt1j"), ExtResource("9_cdqbm"), ExtResource("10_imku0")])
randomize_in_editor = true

[node name="@Node3D@22399" type="Node3D" parent="Level" instance=ExtResource("7_6iypd")]
transform = Transform3D(0.980084, 0, 0.198583, 0, 1, 0, -0.198583, 0, 0.980084, -1.6754, 0, -110.028)
script = ExtResource("8_tereu")
platform_scenes = Array[PackedScene]([ExtResource("9_cdqbm"), ExtResource("10_imku0"), ExtResource("19_obt1j"), ExtResource("9_cdqbm"), ExtResource("10_imku0")])
randomize_in_editor = true

[node name="@Node3D@22401" type="Node3D" parent="Level" instance=ExtResource("11_imku0")]
transform = Transform3D(-0.986622, 0, -0.163026, 0, 1, 0, 0.163026, 0, -0.986622, 0.343935, 0, -113.619)
script = ExtResource("8_tereu")
platform_scenes = Array[PackedScene]([ExtResource("12_wlxy5"), ExtResource("13_3v7ru"), ExtResource("22_2yde8")])
randomize_in_editor = true

[node name="@Node3D@22403" type="Node3D" parent="Level" instance=ExtResource("17_nu31w")]
transform = Transform3D(0.952486, 0, 0.304584, 0, 1, 0, -0.304584, 0, 0.952486, -11.4661, 0, -106.265)
script = ExtResource("8_tereu")
platform_scenes = Array[PackedScene]([ExtResource("18_obt1j")])
randomize_in_editor = true

[node name="@Node3D@22405" type="Node3D" parent="Level" instance=ExtResource("11_imku0")]
transform = Transform3D(0.0427405, 0, 0.999086, 0, 1, 0, -0.999086, 0, 0.0427405, -4.8392, 0, -101.66)
script = ExtResource("8_tereu")
platform_scenes = Array[PackedScene]([ExtResource("12_wlxy5"), ExtResource("13_3v7ru"), ExtResource("22_2yde8")])
randomize_in_editor = true

[node name="@Node3D@22407" type="Node3D" parent="Level" instance=ExtResource("7_6iypd")]
transform = Transform3D(-0.414831, 0, 0.909899, 0, 1, 0, -0.909899, 0, -0.414831, -0.733073, 0, -105.91)
script = ExtResource("8_tereu")
platform_scenes = Array[PackedScene]([ExtResource("9_cdqbm"), ExtResource("10_imku0"), ExtResource("19_obt1j"), ExtResource("9_cdqbm"), ExtResource("10_imku0")])
randomize_in_editor = true

[node name="@Node3D@22409" type="Node3D" parent="Level" instance=ExtResource("17_nu31w")]
transform = Transform3D(-0.03883, 0, 0.999246, 0, 1, 0, -0.999246, 0, -0.03883, -3.89804, 0, -83.5693)
script = ExtResource("8_tereu")
platform_scenes = Array[PackedScene]([ExtResource("18_obt1j")])
randomize_in_editor = true

[node name="@Node3D@22411" type="Node3D" parent="Level" instance=ExtResource("11_imku0")]
transform = Transform3D(0.182093, 0, -0.983281, 0, 1, 0, 0.983281, 0, 0.182093, -1.27936, 0, -88.463)
script = ExtResource("8_tereu")
platform_scenes = Array[PackedScene]([ExtResource("12_wlxy5"), ExtResource("13_3v7ru"), ExtResource("22_2yde8")])
randomize_in_editor = true

[node name="@Node3D@22413" type="Node3D" parent="Level" instance=ExtResource("7_6iypd")]
transform = Transform3D(-0.192233, 0, -0.981349, 0, 1, 0, 0.981349, 0, -0.192233, 0.677085, 0, -94.0271)
script = ExtResource("8_tereu")
platform_scenes = Array[PackedScene]([ExtResource("9_cdqbm"), ExtResource("10_imku0"), ExtResource("19_obt1j"), ExtResource("9_cdqbm"), ExtResource("10_imku0")])
randomize_in_editor = true

[node name="@Node3D@22415" type="Node3D" parent="Level" instance=ExtResource("17_nu31w")]
transform = Transform3D(0.968877, 0, -0.247542, 0, 1, 0, 0.247542, 0, 0.968877, -3.71872, 0, -99.3479)
script = ExtResource("8_tereu")
platform_scenes = Array[PackedScene]([ExtResource("18_obt1j")])
randomize_in_editor = true

[node name="@Node3D@22417" type="Node3D" parent="Level" instance=ExtResource("11_imku0")]
transform = Transform3D(-0.350469, 0, 0.936574, 0, 1, 0, -0.936574, 0, -0.350469, 0.972026, 0, -97.7675)
script = ExtResource("8_tereu")
platform_scenes = Array[PackedScene]([ExtResource("12_wlxy5"), ExtResource("13_3v7ru"), ExtResource("22_2yde8")])
randomize_in_editor = true

[node name="@Node3D@22419" type="Node3D" parent="Level" instance=ExtResource("7_6iypd")]
transform = Transform3D(0.898671, 0, -0.438624, 0, 1, 0, 0.438624, 0, 0.898671, -1.11473, 0, -101.073)
script = ExtResource("8_tereu")
platform_scenes = Array[PackedScene]([ExtResource("9_cdqbm"), ExtResource("10_imku0"), ExtResource("19_obt1j"), ExtResource("9_cdqbm"), ExtResource("10_imku0")])
randomize_in_editor = true

[node name="@Node3D@22421" type="Node3D" parent="Level" instance=ExtResource("11_imku0")]
transform = Transform3D(-0.541539, 0, 0.840676, 0, 1, 0, -0.840676, 0, -0.541539, 3.91138, 0, -100.874)
script = ExtResource("8_tereu")
platform_scenes = Array[PackedScene]([ExtResource("12_wlxy5"), ExtResource("13_3v7ru"), ExtResource("22_2yde8")])
randomize_in_editor = true

[node name="@Node3D@22423" type="Node3D" parent="Level" instance=ExtResource("7_6iypd")]
transform = Transform3D(0.9839, 0, -0.178717, 0, 1, 0, 0.178717, 0, 0.9839, 3.93217, 0, -106.233)
script = ExtResource("8_tereu")
platform_scenes = Array[PackedScene]([ExtResource("9_cdqbm"), ExtResource("10_imku0"), ExtResource("19_obt1j"), ExtResource("9_cdqbm"), ExtResource("10_imku0")])
randomize_in_editor = true

[node name="@Node3D@22425" type="Node3D" parent="Level" instance=ExtResource("11_imku0")]
transform = Transform3D(0.673661, 0, -0.739041, 0, 1, 0, 0.739041, 0, 0.673661, 2.56586, 0, -109.763)
script = ExtResource("8_tereu")
platform_scenes = Array[PackedScene]([ExtResource("12_wlxy5"), ExtResource("13_3v7ru"), ExtResource("22_2yde8")])
randomize_in_editor = true

[node name="@Node3D@22427" type="Node3D" parent="Level" instance=ExtResource("17_nu31w")]
transform = Transform3D(0.235404, 0, -0.971898, 0, 1, 0, 0.971898, 0, 0.235404, -3.65244, 0, -54.7737)
script = ExtResource("8_tereu")
platform_scenes = Array[PackedScene]([ExtResource("18_obt1j")])
randomize_in_editor = true

[node name="@Node3D@22429" type="Node3D" parent="Level" instance=ExtResource("17_nu31w")]
transform = Transform3D(0.775743, 0, -0.631049, 0, 1, 0, 0.631049, 0, 0.775743, -5.09141, 0, -50.0957)
script = ExtResource("8_tereu")
platform_scenes = Array[PackedScene]([ExtResource("18_obt1j")])
randomize_in_editor = true

[node name="@Node3D@22431" type="Node3D" parent="Level" instance=ExtResource("7_6iypd")]
transform = Transform3D(-0.994816, 0, -0.10169, 0, 1, 0, 0.10169, 0, -0.994816, 3.77871, 0, -32.5191)
script = ExtResource("8_tereu")
platform_scenes = Array[PackedScene]([ExtResource("9_cdqbm"), ExtResource("10_imku0"), ExtResource("19_obt1j"), ExtResource("9_cdqbm"), ExtResource("10_imku0")])
randomize_in_editor = true

[node name="@Node3D@22433" type="Node3D" parent="Level" instance=ExtResource("11_imku0")]
transform = Transform3D(0.802313, 0, 0.596904, 0, 1, 0, -0.596904, 0, 0.802313, 4.95793, 0, -34.789)
script = ExtResource("8_tereu")
platform_scenes = Array[PackedScene]([ExtResource("12_wlxy5"), ExtResource("13_3v7ru"), ExtResource("22_2yde8")])
randomize_in_editor = true

[node name="@Node3D@22435" type="Node3D" parent="Level" instance=ExtResource("17_nu31w")]
transform = Transform3D(-0.620408, 0, 0.784279, 0, 1, 0, -0.784279, 0, -0.620408, 4.43794, 0, -37.3152)
script = ExtResource("8_tereu")
platform_scenes = Array[PackedScene]([ExtResource("18_obt1j")])
randomize_in_editor = true

[node name="@Node3D@22437" type="Node3D" parent="Level" instance=ExtResource("7_6iypd")]
transform = Transform3D(-0.88306, 0, -0.469261, 0, 1, 0, 0.469261, 0, -0.88306, 3.84555, 0, -41.5658)
script = ExtResource("8_tereu")
platform_scenes = Array[PackedScene]([ExtResource("9_cdqbm"), ExtResource("10_imku0"), ExtResource("19_obt1j"), ExtResource("9_cdqbm"), ExtResource("10_imku0")])
randomize_in_editor = true

[node name="@Node3D@22439" type="Node3D" parent="Level" instance=ExtResource("17_nu31w")]
transform = Transform3D(0.0662828, 0, -0.997801, 0, 1, 0, 0.997801, 0, 0.0662828, 5.70047, 0, -44.0951)
script = ExtResource("8_tereu")
platform_scenes = Array[PackedScene]([ExtResource("18_obt1j")])
randomize_in_editor = true

[node name="@Node3D@22441" type="Node3D" parent="Level" instance=ExtResource("17_nu31w")]
transform = Transform3D(0.120783, 0, 0.992679, 0, 1, 0, -0.992679, 0, 0.120783, 5.23733, 0, -48.7232)
script = ExtResource("8_tereu")
platform_scenes = Array[PackedScene]([ExtResource("18_obt1j")])
randomize_in_editor = true

[node name="@Node3D@22443" type="Node3D" parent="Level" instance=ExtResource("17_nu31w")]
transform = Transform3D(-0.00613189, 0, 0.999981, 0, 1, 0, -0.999981, 0, -0.00613189, 5.1671, 0, -55.7794)
script = ExtResource("8_tereu")
platform_scenes = Array[PackedScene]([ExtResource("18_obt1j")])
randomize_in_editor = true

[node name="@Node3D@22445" type="Node3D" parent="Level" instance=ExtResource("7_6iypd")]
transform = Transform3D(-0.882325, 0, 0.470641, 0, 1, 0, -0.470641, 0, -0.882325, 4.84163, 0, -58.9403)
script = ExtResource("8_tereu")
platform_scenes = Array[PackedScene]([ExtResource("9_cdqbm"), ExtResource("10_imku0"), ExtResource("19_obt1j"), ExtResource("9_cdqbm"), ExtResource("10_imku0")])
randomize_in_editor = true

[node name="@Node3D@22447" type="Node3D" parent="Level" instance=ExtResource("17_nu31w")]
transform = Transform3D(-0.996228, 0, -0.0867784, 0, 1, 0, 0.0867784, 0, -0.996228, 2.53038, 0, -61.6436)
script = ExtResource("8_tereu")
platform_scenes = Array[PackedScene]([ExtResource("18_obt1j")])
randomize_in_editor = true

[node name="@Node3D@22449" type="Node3D" parent="Level" instance=ExtResource("11_imku0")]
transform = Transform3D(0.973845, 0, 0.227214, 0, 1, 0, -0.227214, 0, 0.973845, 4.18776, 0, -65.3896)
script = ExtResource("8_tereu")
platform_scenes = Array[PackedScene]([ExtResource("12_wlxy5"), ExtResource("13_3v7ru"), ExtResource("22_2yde8")])
randomize_in_editor = true

[node name="@Node3D@22451" type="Node3D" parent="Level" instance=ExtResource("11_imku0")]
transform = Transform3D(0.297723, 0, -0.954652, 0, 1, 0, 0.954652, 0, 0.297723, 6.59203, 0, -71.8463)
script = ExtResource("8_tereu")
platform_scenes = Array[PackedScene]([ExtResource("12_wlxy5"), ExtResource("13_3v7ru"), ExtResource("22_2yde8")])
randomize_in_editor = true

[node name="@Node3D@22453" type="Node3D" parent="Level" instance=ExtResource("17_nu31w")]
transform = Transform3D(0.791828, 0, -0.610744, 0, 1, 0, 0.610744, 0, 0.791828, 5.44241, 0, -74.3948)
script = ExtResource("8_tereu")
platform_scenes = Array[PackedScene]([ExtResource("18_obt1j")])
randomize_in_editor = true

[node name="@Node3D@22455" type="Node3D" parent="Level" instance=ExtResource("17_nu31w")]
transform = Transform3D(-0.0270795, 0, 0.999633, 0, 1, 0, -0.999633, 0, -0.0270795, 7.97388, 0, -80.3688)
script = ExtResource("8_tereu")
platform_scenes = Array[PackedScene]([ExtResource("18_obt1j")])
randomize_in_editor = true

[node name="@Node3D@22457" type="Node3D" parent="Level" instance=ExtResource("11_imku0")]
transform = Transform3D(-0.930076, 0, -0.367366, 0, 1, 0, 0.367366, 0, -0.930076, 9.81041, 0, -82.3212)
script = ExtResource("8_tereu")
platform_scenes = Array[PackedScene]([ExtResource("12_wlxy5"), ExtResource("13_3v7ru"), ExtResource("22_2yde8")])
randomize_in_editor = true

[node name="@Node3D@22459" type="Node3D" parent="Level" instance=ExtResource("17_nu31w")]
transform = Transform3D(0.115395, 0, -0.99332, 0, 1, 0, 0.99332, 0, 0.115395, 7.08202, 0, -86.2651)
script = ExtResource("8_tereu")
platform_scenes = Array[PackedScene]([ExtResource("18_obt1j")])
randomize_in_editor = true

[node name="@Node3D@22461" type="Node3D" parent="Level" instance=ExtResource("7_6iypd")]
transform = Transform3D(0.156113, 0, -0.987739, 0, 1, 0, 0.987739, 0, 0.156113, 5.65095, 0, -91.5962)
script = ExtResource("8_tereu")
platform_scenes = Array[PackedScene]([ExtResource("9_cdqbm"), ExtResource("10_imku0"), ExtResource("19_obt1j"), ExtResource("9_cdqbm"), ExtResource("10_imku0")])
randomize_in_editor = true

[node name="@Node3D@22463" type="Node3D" parent="Level" instance=ExtResource("7_6iypd")]
transform = Transform3D(0.768472, 0, 0.639883, 0, 1, 0, -0.639883, 0, 0.768472, 6.1388, 0, -96.5395)
script = ExtResource("8_tereu")
platform_scenes = Array[PackedScene]([ExtResource("9_cdqbm"), ExtResource("10_imku0"), ExtResource("19_obt1j"), ExtResource("9_cdqbm"), ExtResource("10_imku0")])
randomize_in_editor = true

[node name="@Node3D@22465" type="Node3D" parent="Level" instance=ExtResource("11_imku0")]
transform = Transform3D(-0.99989, 0, 0.0148447, 0, 1, 0, -0.0148447, 0, -0.99989, 7.61835, 0, -100.593)
script = ExtResource("8_tereu")
platform_scenes = Array[PackedScene]([ExtResource("12_wlxy5"), ExtResource("13_3v7ru"), ExtResource("22_2yde8")])
randomize_in_editor = true

[node name="@Node3D@22467" type="Node3D" parent="Level" instance=ExtResource("17_nu31w")]
transform = Transform3D(-0.740935, 0, -0.671577, 0, 1, 0, 0.671577, 0, -0.740935, 9.03357, 0, -105.968)
script = ExtResource("8_tereu")
platform_scenes = Array[PackedScene]([ExtResource("18_obt1j")])
randomize_in_editor = true

[node name="@Node3D@22469" type="Node3D" parent="Level" instance=ExtResource("7_6iypd")]
transform = Transform3D(0.982759, 0, -0.184889, 0, 1, 0, 0.184889, 0, 0.982759, 6.88047, 0, -112.52)
script = ExtResource("8_tereu")
platform_scenes = Array[PackedScene]([ExtResource("9_cdqbm"), ExtResource("10_imku0"), ExtResource("19_obt1j"), ExtResource("9_cdqbm"), ExtResource("10_imku0")])
randomize_in_editor = true

[node name="@Node3D@22471" type="Node3D" parent="Level" instance=ExtResource("17_nu31w")]
transform = Transform3D(0.577811, 0, -0.816171, 0, 1, 0, 0.816171, 0, 0.577811, 7.80841, 0, -116.046)
script = ExtResource("8_tereu")
platform_scenes = Array[PackedScene]([ExtResource("18_obt1j")])
randomize_in_editor = true

[node name="@Node3D@22473" type="Node3D" parent="Level" instance=ExtResource("7_6iypd")]
transform = Transform3D(-0.577093, 0, -0.816679, 0, 1, 0, 0.816679, 0, -0.577093, 8.17789, 0, -119.483)
script = ExtResource("8_tereu")
platform_scenes = Array[PackedScene]([ExtResource("9_cdqbm"), ExtResource("10_imku0"), ExtResource("19_obt1j"), ExtResource("9_cdqbm"), ExtResource("10_imku0")])
randomize_in_editor = true

[node name="@Node3D@22475" type="Node3D" parent="Level" instance=ExtResource("11_imku0")]
transform = Transform3D(0.0106202, 0, 0.999944, 0, 1, 0, -0.999944, 0, 0.0106202, 5.44469, 0, -125.813)
