[gd_scene load_steps=33 format=3 uid="uid://3f7k8dolqfhh"]

[ext_resource type="PackedScene" uid="uid://g4tbrr3sfui2" path="res://player.tscn" id="1_a202f"]
[ext_resource type="Script" uid="uid://b85s3xfg6xv8i" path="res://game_manager.gd" id="1_tereu"]
[ext_resource type="FontFile" uid="uid://decj3qo5pg26d" path="res://kirifont/KiriFont.otf" id="2_cdqbm"]
[ext_resource type="LabelSettings" uid="uid://b32jxxg8k3j45" path="res://custom.tres" id="2_tereu"]
[ext_resource type="LabelSettings" uid="uid://c2fbmgdggtmr8" path="res://leaderboard.tres" id="4_imku0"]
[ext_resource type="PackedScene" uid="uid://o6nh6fno5b0d" path="res://level/level.tscn" id="6_i5arm"]
[ext_resource type="PackedScene" uid="uid://berc3ktdu00jq" path="res://water_grid.tscn" id="6_jsk3o"]
[ext_resource type="PackedScene" uid="uid://cloxm7yrf3dau" path="res://player4.tscn" id="6_vxd74"]
[ext_resource type="PackedScene" uid="uid://6kx5nm2ecru" path="res://items/generators/items.tscn" id="6_wc5p8"]
[ext_resource type="PackedScene" uid="uid://bgowpuve5rom4" path="res://level/1x1/1x1.tscn" id="7_6iypd"]
[ext_resource type="PackedScene" uid="uid://cwjt7a54ooioq" path="res://player3.tscn" id="7_dhlwf"]
[ext_resource type="PackedScene" uid="uid://oa4gk1w85htb" path="res://kill_zone.tscn" id="7_wc5p8"]
[ext_resource type="PackedScene" uid="uid://685x3hhuvr5l" path="res://player2.tscn" id="8_5t8nk"]
[ext_resource type="Script" uid="uid://4ohwjxvwlf14" path="res://scripts/random_platform.gd" id="8_tereu"]
[ext_resource type="PackedScene" uid="uid://bau54xbcyquty" path="res://goal.tscn" id="9_4arys"]
[ext_resource type="PackedScene" uid="uid://evotmterwgic" path="res://level/1x1/0.tscn" id="9_cdqbm"]
[ext_resource type="PackedScene" uid="uid://bq3jgcl0fepk2" path="res://level/1x1/1.tscn" id="10_imku0"]
[ext_resource type="PackedScene" uid="uid://bct2vsr7ymxi4" path="res://level/2x2/2x2.tscn" id="11_imku0"]
[ext_resource type="PackedScene" uid="uid://l2l3mvvrqhsu" path="res://level/2x2/0.tscn" id="12_wlxy5"]
[ext_resource type="PackedScene" uid="uid://da3dp6rlapf65" path="res://level/2x2/1.tscn" id="13_3v7ru"]
[ext_resource type="PackedScene" uid="uid://ck51bdne8ldwv" path="res://island.tscn" id="14_wlxy5"]
[ext_resource type="PackedScene" uid="uid://bpulflnw0vw5l" path="res://level/2x1/2x1.tscn" id="17_nu31w"]
[ext_resource type="PackedScene" uid="uid://dviuybxhwu1ho" path="res://level/2x1/0.tscn" id="18_obt1j"]
[ext_resource type="PackedScene" uid="uid://gof5kolddo3a" path="res://level/1x1/2.tscn" id="19_obt1j"]
[ext_resource type="PackedScene" uid="uid://bsmlem37lo4th" path="res://level/2x2/2.tscn" id="22_2yde8"]
[ext_resource type="PackedScene" uid="uid://csmc4dfieimjx" path="res://meshes/Startplatform/Startingplatform.tscn" id="24_dhlwf"]

[sub_resource type="LabelSettings" id="LabelSettings_cdqbm"]
font = ExtResource("2_cdqbm")
font_size = 300
outline_size = 40
outline_color = Color(0, 0, 0, 1)

[sub_resource type="StyleBoxFlat" id="StyleBoxFlat_cdqbm"]
bg_color = Color(7.52043e-08, 0.0590926, 0.150703, 0.411765)

[sub_resource type="ProceduralSkyMaterial" id="ProceduralSkyMaterial_noarx"]

[sub_resource type="Sky" id="Sky_noarx"]
sky_material = SubResource("ProceduralSkyMaterial_noarx")

[sub_resource type="Environment" id="Environment_a0tk4"]
background_mode = 2
background_energy_multiplier = 2.5
sky = SubResource("Sky_noarx")

[sub_resource type="CameraAttributesPractical" id="CameraAttributesPractical_noarx"]

[node name="Game" type="Node3D"]

[node name="GameManager" type="Node" parent="."]
script = ExtResource("1_tereu")

[node name="CanvasLayer" type="CanvasLayer" parent="GameManager"]
layer = 100

[node name="SharedLabel" type="Label" parent="GameManager/CanvasLayer"]
custom_minimum_size = Vector2(400, 400)
anchors_preset = 8
anchor_left = 0.5
anchor_top = 0.5
anchor_right = 0.5
anchor_bottom = 0.5
offset_left = -960.0
offset_top = -540.0
offset_right = 960.0
offset_bottom = 540.0
grow_horizontal = 2
grow_vertical = 2
pivot_offset = Vector2(960, 540)
size_flags_vertical = 1
theme_override_font_sizes/font_size = 50
label_settings = ExtResource("2_tereu")
horizontal_alignment = 1
vertical_alignment = 1
autowrap_mode = 2
metadata/_edit_use_anchors_ = true

[node name="SharedLabel2" type="Label" parent="GameManager/CanvasLayer"]
custom_minimum_size = Vector2(2000, 1200)
anchors_preset = 8
anchor_left = 0.5
anchor_top = 0.5
anchor_right = 0.5
anchor_bottom = 0.5
offset_left = -1000.0
offset_top = -600.0
offset_right = 1000.0
offset_bottom = 600.0
grow_horizontal = 2
grow_vertical = 2
size_flags_vertical = 1
text = " "
label_settings = SubResource("LabelSettings_cdqbm")
horizontal_alignment = 1
vertical_alignment = 1
autowrap_mode = 2
metadata/_edit_use_anchors_ = true

[node name="opacity" type="Panel" parent="GameManager/CanvasLayer"]
visible = false
anchors_preset = 15
anchor_right = 1.0
anchor_bottom = 1.0
grow_horizontal = 2
grow_vertical = 2
size_flags_horizontal = 4
size_flags_vertical = 4
theme_override_styles/panel = SubResource("StyleBoxFlat_cdqbm")

[node name="Leaderboard" type="Panel" parent="GameManager/CanvasLayer/opacity"]
custom_minimum_size = Vector2(500, 500)
layout_mode = 1
anchors_preset = 8
anchor_left = 0.5
anchor_top = 0.5
anchor_right = 0.5
anchor_bottom = 0.5
offset_left = -250.0
offset_top = -250.0
offset_right = 250.0
offset_bottom = 250.0
grow_horizontal = 2
grow_vertical = 2

[node name="VBoxContainer" type="VBoxContainer" parent="GameManager/CanvasLayer/opacity/Leaderboard"]
layout_mode = 1
anchors_preset = 15
anchor_right = 1.0
anchor_bottom = 1.0
grow_horizontal = 2
grow_vertical = 2
theme_override_constants/separation = 20

[node name="Score1st" type="Label" parent="GameManager/CanvasLayer/opacity/Leaderboard/VBoxContainer"]
custom_minimum_size = Vector2(100, 100)
layout_mode = 2
size_flags_vertical = 3
label_settings = ExtResource("4_imku0")
horizontal_alignment = 1
vertical_alignment = 1
autowrap_mode = 2

[node name="Score2nd" type="Label" parent="GameManager/CanvasLayer/opacity/Leaderboard/VBoxContainer"]
custom_minimum_size = Vector2(100, 100)
layout_mode = 2
size_flags_vertical = 3
label_settings = ExtResource("4_imku0")
horizontal_alignment = 1
vertical_alignment = 1
autowrap_mode = 2

[node name="Score3rd" type="Label" parent="GameManager/CanvasLayer/opacity/Leaderboard/VBoxContainer"]
custom_minimum_size = Vector2(100, 100)
layout_mode = 2
size_flags_vertical = 3
label_settings = ExtResource("4_imku0")
horizontal_alignment = 1
vertical_alignment = 1
autowrap_mode = 2

[node name="Score4th" type="Label" parent="GameManager/CanvasLayer/opacity/Leaderboard/VBoxContainer"]
custom_minimum_size = Vector2(100, 100)
layout_mode = 2
size_flags_vertical = 3
label_settings = ExtResource("4_imku0")
horizontal_alignment = 1
vertical_alignment = 1
autowrap_mode = 2

[node name="Leaderboard2" type="Panel" parent="GameManager/CanvasLayer/opacity"]
visible = false
custom_minimum_size = Vector2(1000, 150)
layout_mode = 1
anchors_preset = 8
anchor_left = 0.5
anchor_top = 0.5
anchor_right = 0.5
anchor_bottom = 0.5
offset_left = -500.0
offset_top = 140.0
offset_right = 500.0
offset_bottom = 290.0
grow_horizontal = 2
grow_vertical = 2

[node name="MarginContainer" type="MarginContainer" parent="GameManager/CanvasLayer/opacity/Leaderboard2"]
layout_mode = 1
anchors_preset = 15
anchor_right = 1.0
anchor_bottom = 1.0
grow_horizontal = 2
grow_vertical = 2
theme_override_constants/margin_left = 30
theme_override_constants/margin_top = 30
theme_override_constants/margin_right = 30
theme_override_constants/margin_bottom = 30

[node name="HBoxContainer" type="HBoxContainer" parent="GameManager/CanvasLayer/opacity/Leaderboard2/MarginContainer"]
custom_minimum_size = Vector2(1000, 0)
layout_mode = 2
theme_override_constants/separation = 100

[node name="Options" type="Button" parent="GameManager/CanvasLayer/opacity/Leaderboard2/MarginContainer/HBoxContainer"]
layout_mode = 2
size_flags_horizontal = 3
size_flags_vertical = 3
theme_override_fonts/font = ExtResource("2_cdqbm")
theme_override_font_sizes/font_size = 50
text = "Options"

[node name="StartGame" type="Button" parent="GameManager/CanvasLayer/opacity/Leaderboard2/MarginContainer/HBoxContainer"]
layout_mode = 2
size_flags_horizontal = 3
size_flags_vertical = 3
theme_override_fonts/font = ExtResource("2_cdqbm")
theme_override_font_sizes/font_size = 50
text = "Restart"

[node name="Quit" type="Button" parent="GameManager/CanvasLayer/opacity/Leaderboard2/MarginContainer/HBoxContainer"]
layout_mode = 2
size_flags_horizontal = 3
size_flags_vertical = 3
theme_override_fonts/font = ExtResource("2_cdqbm")
theme_override_font_sizes/font_size = 50
text = "quit"

[node name="DirectionalLight3D" type="DirectionalLight3D" parent="."]
transform = Transform3D(-0.534213, -0.815404, -0.223011, -0.284691, -0.0748638, 0.955692, -0.79597, 0.574032, -0.192145, -4.2404, 11.0469, -3.46405)
shadow_enabled = true

[node name="WorldEnvironment" type="WorldEnvironment" parent="."]
environment = SubResource("Environment_a0tk4")
camera_attributes = SubResource("CameraAttributesPractical_noarx")

[node name="GridContainer" type="GridContainer" parent="."]
anchors_preset = 15
anchor_right = 1.0
anchor_bottom = 1.0
grow_horizontal = 2
grow_vertical = 2
columns = 2

[node name="SubViewportContainer" type="SubViewportContainer" parent="GridContainer"]
layout_mode = 2
size_flags_horizontal = 3
size_flags_vertical = 3
stretch = true

[node name="SubViewport" type="SubViewport" parent="GridContainer/SubViewportContainer"]
handle_input_locally = false
size = Vector2i(958, 538)
render_target_update_mode = 4

[node name="Player" parent="GridContainer/SubViewportContainer/SubViewport" instance=ExtResource("1_a202f")]
transform = Transform3D(1, 0, 0, 0, 1, 0, 0, 0, 1, 0, 10, 0)
axis_lock_angular_y = true

[node name="IconTexture" type="TextureRect" parent="GridContainer/SubViewportContainer/SubViewport/Player"]
offset_right = 150.0
offset_bottom = 150.0
expand_mode = 1

[node name="PointsLabel" type="Label" parent="GridContainer/SubViewportContainer/SubViewport/Player"]
custom_minimum_size = Vector2(300, 0)
anchors_preset = 2
anchor_top = 1.0
anchor_bottom = 1.0
offset_top = -23.0
offset_right = 79.0
grow_vertical = 0
horizontal_alignment = 2

[node name="MarginContainer" type="MarginContainer" parent="GridContainer/SubViewportContainer/SubViewport/Player"]
visible = false
offset_left = 20.0
offset_top = 20.0
offset_right = 60.0
offset_bottom = 61.0

[node name="CurrItemLabel" type="Label" parent="GridContainer/SubViewportContainer/SubViewport/Player/MarginContainer"]
layout_mode = 2

[node name="SubViewportContainer2" type="SubViewportContainer" parent="GridContainer"]
layout_mode = 2
size_flags_horizontal = 3
size_flags_vertical = 3
stretch = true

[node name="SubViewport" type="SubViewport" parent="GridContainer/SubViewportContainer2"]
handle_input_locally = false
size = Vector2i(958, 538)
render_target_update_mode = 4

[node name="Player2" parent="GridContainer/SubViewportContainer2/SubViewport" instance=ExtResource("8_5t8nk")]
transform = Transform3D(1, 0, 0, 0, 1, 0, 0, 0, 1, 2.5, 10, 0)

[node name="PointsLabel" type="Label" parent="GridContainer/SubViewportContainer2/SubViewport/Player2"]
custom_minimum_size = Vector2(320, 0)
anchors_preset = 3
anchor_left = 1.0
anchor_top = 1.0
anchor_right = 1.0
anchor_bottom = 1.0
offset_left = -79.0
offset_top = -41.0
grow_horizontal = 0
grow_vertical = 0

[node name="MarginContainer" type="MarginContainer" parent="GridContainer/SubViewportContainer2/SubViewport/Player2"]
visible = false
anchors_preset = 1
anchor_left = 1.0
anchor_right = 1.0
offset_left = -40.0
offset_bottom = 41.0
grow_horizontal = 0

[node name="CurrItemLabel" type="Label" parent="GridContainer/SubViewportContainer2/SubViewport/Player2/MarginContainer"]
layout_mode = 2

[node name="IconTexture" type="TextureRect" parent="GridContainer/SubViewportContainer2/SubViewport/Player2"]
anchors_preset = 1
anchor_left = 1.0
anchor_right = 1.0
offset_left = -150.0
offset_bottom = 150.0
grow_horizontal = 0
expand_mode = 1

[node name="SubViewportContainer3" type="SubViewportContainer" parent="GridContainer"]
layout_mode = 2
size_flags_horizontal = 3
size_flags_vertical = 3
stretch = true

[node name="SubViewport" type="SubViewport" parent="GridContainer/SubViewportContainer3"]
handle_input_locally = false
size = Vector2i(958, 538)
render_target_update_mode = 4

[node name="Player3" parent="GridContainer/SubViewportContainer3/SubViewport" instance=ExtResource("7_dhlwf")]
transform = Transform3D(1, 0, 0, 0, 1, 0, 0, 0, 1, 5, 10, 0)

[node name="IconTexture" type="TextureRect" parent="GridContainer/SubViewportContainer3/SubViewport/Player3"]
anchors_preset = 2
anchor_top = 1.0
anchor_bottom = 1.0
offset_top = -150.0
offset_right = 150.0
grow_vertical = 0
expand_mode = 1

[node name="PointsLabel" type="Label" parent="GridContainer/SubViewportContainer3/SubViewport/Player3"]
custom_minimum_size = Vector2(300, 0)
anchors_preset = 2
anchor_top = 1.0
anchor_bottom = 1.0
offset_top = -41.0
offset_right = 79.0
grow_vertical = 0
horizontal_alignment = 2

[node name="MarginContainer" type="MarginContainer" parent="GridContainer/SubViewportContainer3/SubViewport/Player3"]
visible = false
anchors_preset = 2
anchor_top = 1.0
anchor_bottom = 1.0
offset_top = -41.0
offset_right = 40.0
grow_vertical = 0

[node name="CurrItemLabel" type="Label" parent="GridContainer/SubViewportContainer3/SubViewport/Player3/MarginContainer"]
layout_mode = 2

[node name="SubViewportContainer4" type="SubViewportContainer" parent="GridContainer"]
layout_mode = 2
size_flags_horizontal = 3
size_flags_vertical = 3
stretch = true

[node name="SubViewport" type="SubViewport" parent="GridContainer/SubViewportContainer4"]
handle_input_locally = false
size = Vector2i(958, 538)
render_target_update_mode = 4

[node name="Player4" parent="GridContainer/SubViewportContainer4/SubViewport" instance=ExtResource("6_vxd74")]
transform = Transform3D(1, 0, 0, 0, 1, 0, 0, 0, 1, 7.5, 10, 0)

[node name="IconTexture" type="TextureRect" parent="GridContainer/SubViewportContainer4/SubViewport/Player4"]
anchors_preset = 3
anchor_left = 1.0
anchor_top = 1.0
anchor_right = 1.0
anchor_bottom = 1.0
offset_left = -150.0
offset_top = -150.0
grow_horizontal = 0
grow_vertical = 0
expand_mode = 1

[node name="PointsLabel" type="Label" parent="GridContainer/SubViewportContainer4/SubViewport/Player4"]
custom_minimum_size = Vector2(320, 0)
anchors_preset = 3
anchor_left = 1.0
anchor_top = 1.0
anchor_right = 1.0
anchor_bottom = 1.0
offset_left = -79.0
offset_top = -41.0
grow_horizontal = 0
grow_vertical = 0

[node name="MarginContainer" type="MarginContainer" parent="GridContainer/SubViewportContainer4/SubViewport/Player4"]
visible = false
anchors_preset = 3
anchor_left = 1.0
anchor_top = 1.0
anchor_right = 1.0
anchor_bottom = 1.0
offset_left = -40.0
offset_top = -41.0
grow_horizontal = 0
grow_vertical = 0

[node name="CurrItemLabel" type="Label" parent="GridContainer/SubViewportContainer4/SubViewport/Player4/MarginContainer"]
layout_mode = 2

[node name="Items" parent="." instance=ExtResource("6_wc5p8")]

[node name="Level" parent="." instance=ExtResource("6_i5arm")]

[node name="Node3D" type="Node3D" parent="Level" instance=ExtResource("7_6iypd")]
transform = Transform3D(-0.23989, 0, -0.9708, 0, 1, 0, 0.9708, 0, -0.23989, 0, 0, 0)
script = ExtResource("8_tereu")
platform_scenes = Array[PackedScene]([ExtResource("9_cdqbm"), ExtResource("10_imku0"), ExtResource("19_obt1j"), ExtResource("9_cdqbm"), ExtResource("10_imku0")])
randomize_in_editor = true

[node name="@Node3D@44249" type="Node3D" parent="Level" instance=ExtResource("17_nu31w")]
transform = Transform3D(-0.176668, 0, -0.984271, 0, 1, 0, 0.984271, 0, -0.176668, -0.0884116, 0, -5.0367)
script = ExtResource("8_tereu")
platform_scenes = Array[PackedScene]([ExtResource("18_obt1j")])
randomize_in_editor = true

[node name="@Node3D@44251" type="Node3D" parent="Level" instance=ExtResource("11_imku0")]
transform = Transform3D(0.989317, 0, 0.145779, 0, 1, 0, -0.145779, 0, 0.989317, -3.03819, 0, -10.6523)
script = ExtResource("8_tereu")
platform_scenes = Array[PackedScene]([ExtResource("12_wlxy5"), ExtResource("13_3v7ru"), ExtResource("22_2yde8")])
randomize_in_editor = true

[node name="@Node3D@44253" type="Node3D" parent="Level" instance=ExtResource("7_6iypd")]
transform = Transform3D(0.985691, 0, 0.168565, 0, 1, 0, -0.168565, 0, 0.985691, -4.75686, 0, -15.5429)
script = ExtResource("8_tereu")
platform_scenes = Array[PackedScene]([ExtResource("9_cdqbm"), ExtResource("10_imku0"), ExtResource("19_obt1j"), ExtResource("9_cdqbm"), ExtResource("10_imku0")])
randomize_in_editor = true

[node name="@Node3D@44255" type="Node3D" parent="Level" instance=ExtResource("17_nu31w")]
transform = Transform3D(-0.860238, 0, -0.509893, 0, 1, 0, 0.509893, 0, -0.860238, -2.02402, 0, -20.9431)
script = ExtResource("8_tereu")
platform_scenes = Array[PackedScene]([ExtResource("18_obt1j")])
randomize_in_editor = true

[node name="@Node3D@44257" type="Node3D" parent="Level" instance=ExtResource("17_nu31w")]
transform = Transform3D(0.878627, 0, -0.477509, 0, 1, 0, 0.477509, 0, 0.878627, -6.27898, 0, -25.2385)
script = ExtResource("8_tereu")
platform_scenes = Array[PackedScene]([ExtResource("18_obt1j")])
randomize_in_editor = true

[node name="@Node3D@44259" type="Node3D" parent="Level" instance=ExtResource("11_imku0")]
transform = Transform3D(-0.745284, 0, 0.666748, 0, 1, 0, -0.666748, 0, -0.745284, -4.65463, 0, -30.7148)
script = ExtResource("8_tereu")
platform_scenes = Array[PackedScene]([ExtResource("12_wlxy5"), ExtResource("13_3v7ru"), ExtResource("22_2yde8")])
randomize_in_editor = true

[node name="@Node3D@44261" type="Node3D" parent="Level" instance=ExtResource("17_nu31w")]
transform = Transform3D(0.446742, 0, -0.894663, 0, 1, 0, 0.894663, 0, 0.446742, -5.78888, 0, -36.2996)
script = ExtResource("8_tereu")
platform_scenes = Array[PackedScene]([ExtResource("18_obt1j")])
randomize_in_editor = true

[node name="@Node3D@44263" type="Node3D" parent="Level" instance=ExtResource("11_imku0")]
transform = Transform3D(-0.203949, 0, 0.978981, 0, 1, 0, -0.978981, 0, -0.203949, -4.502, 0, -40.1533)
script = ExtResource("8_tereu")
platform_scenes = Array[PackedScene]([ExtResource("12_wlxy5"), ExtResource("13_3v7ru"), ExtResource("22_2yde8")])
randomize_in_editor = true

[node name="@Node3D@44265" type="Node3D" parent="Level" instance=ExtResource("7_6iypd")]
transform = Transform3D(-0.562267, 0, -0.826956, 0, 1, 0, 0.826956, 0, -0.562267, -5.31339, 0, -45.0126)
script = ExtResource("8_tereu")
platform_scenes = Array[PackedScene]([ExtResource("9_cdqbm"), ExtResource("10_imku0"), ExtResource("19_obt1j"), ExtResource("9_cdqbm"), ExtResource("10_imku0")])
randomize_in_editor = true

[node name="@Node3D@44267" type="Node3D" parent="Level" instance=ExtResource("7_6iypd")]
transform = Transform3D(-0.972262, 0, -0.233895, 0, 1, 0, 0.233895, 0, -0.972262, -1.90607, 0, -49.9603)
script = ExtResource("8_tereu")
platform_scenes = Array[PackedScene]([ExtResource("9_cdqbm"), ExtResource("10_imku0"), ExtResource("19_obt1j"), ExtResource("9_cdqbm"), ExtResource("10_imku0")])
randomize_in_editor = true

[node name="@Node3D@44269" type="Node3D" parent="Level" instance=ExtResource("17_nu31w")]
transform = Transform3D(0.0903146, 0, 0.995913, 0, 1, 0, -0.995913, 0, 0.0903146, 0.836917, 0, -54.1614)
script = ExtResource("8_tereu")
platform_scenes = Array[PackedScene]([ExtResource("18_obt1j")])
randomize_in_editor = true

[node name="@Node3D@44271" type="Node3D" parent="Level" instance=ExtResource("7_6iypd")]
transform = Transform3D(-0.996212, 0, 0.0869592, 0, 1, 0, -0.0869592, 0, -0.996212, 3.52748, 0, -57.1793)
script = ExtResource("8_tereu")
platform_scenes = Array[PackedScene]([ExtResource("9_cdqbm"), ExtResource("10_imku0"), ExtResource("19_obt1j"), ExtResource("9_cdqbm"), ExtResource("10_imku0")])
randomize_in_editor = true

[node name="@Node3D@44273" type="Node3D" parent="Level" instance=ExtResource("7_6iypd")]
transform = Transform3D(-0.9785, 0, -0.206245, 0, 1, 0, 0.206245, 0, -0.9785, -1.15683, 0, -62.0827)
script = ExtResource("8_tereu")
platform_scenes = Array[PackedScene]([ExtResource("9_cdqbm"), ExtResource("10_imku0"), ExtResource("19_obt1j"), ExtResource("9_cdqbm"), ExtResource("10_imku0")])
randomize_in_editor = true

[node name="@Node3D@44275" type="Node3D" parent="Level" instance=ExtResource("11_imku0")]
transform = Transform3D(-0.487544, 0, -0.873098, 0, 1, 0, 0.873098, 0, -0.487544, -2.2997, 0, -66.7106)
script = ExtResource("8_tereu")
platform_scenes = Array[PackedScene]([ExtResource("12_wlxy5"), ExtResource("13_3v7ru"), ExtResource("22_2yde8")])
randomize_in_editor = true

[node name="@Node3D@44277" type="Node3D" parent="Level" instance=ExtResource("17_nu31w")]
transform = Transform3D(0.747714, 0, 0.664021, 0, 1, 0, -0.664021, 0, 0.747714, -0.78977, 0, -69.2985)
script = ExtResource("8_tereu")
platform_scenes = Array[PackedScene]([ExtResource("18_obt1j")])
randomize_in_editor = true

[node name="@Node3D@44279" type="Node3D" parent="Level" instance=ExtResource("17_nu31w")]
transform = Transform3D(-0.345742, 0, 0.93833, 0, 1, 0, -0.93833, 0, -0.345742, -4.57231, 0, -75.4324)
script = ExtResource("8_tereu")
platform_scenes = Array[PackedScene]([ExtResource("18_obt1j")])
randomize_in_editor = true

[node name="@Node3D@44281" type="Node3D" parent="Level" instance=ExtResource("17_nu31w")]
transform = Transform3D(0.985481, 0, -0.169784, 0, 1, 0, 0.169784, 0, 0.985481, -8.40656, 0, -80.1121)
script = ExtResource("8_tereu")
platform_scenes = Array[PackedScene]([ExtResource("18_obt1j")])
randomize_in_editor = true

[node name="@Node3D@44283" type="Node3D" parent="Level" instance=ExtResource("11_imku0")]
transform = Transform3D(0.393579, 0, -0.919291, 0, 1, 0, 0.919291, 0, 0.393579, -11.3775, 0, -83.4337)
script = ExtResource("8_tereu")
platform_scenes = Array[PackedScene]([ExtResource("12_wlxy5"), ExtResource("13_3v7ru"), ExtResource("22_2yde8")])
randomize_in_editor = true

[node name="@Node3D@44285" type="Node3D" parent="Level" instance=ExtResource("11_imku0")]
transform = Transform3D(-0.98897, 0, -0.148113, 0, 1, 0, 0.148113, 0, -0.98897, -11.9809, 0, -86.0721)
script = ExtResource("8_tereu")
platform_scenes = Array[PackedScene]([ExtResource("12_wlxy5"), ExtResource("13_3v7ru"), ExtResource("22_2yde8")])
randomize_in_editor = true

[node name="@Node3D@44287" type="Node3D" parent="Level" instance=ExtResource("17_nu31w")]
transform = Transform3D(0.789923, 0, -0.613206, 0, 1, 0, 0.613206, 0, 0.789923, -10.7534, 0, -88.5392)
script = ExtResource("8_tereu")
platform_scenes = Array[PackedScene]([ExtResource("18_obt1j")])
randomize_in_editor = true

[node name="@Node3D@44289" type="Node3D" parent="Level" instance=ExtResource("11_imku0")]
transform = Transform3D(0.997324, 0, 0.073102, 0, 1, 0, -0.073102, 0, 0.997324, -8.52445, 0, -94.2789)
script = ExtResource("8_tereu")
platform_scenes = Array[PackedScene]([ExtResource("12_wlxy5"), ExtResource("13_3v7ru"), ExtResource("22_2yde8")])
randomize_in_editor = true

[node name="@Node3D@44291" type="Node3D" parent="Level" instance=ExtResource("17_nu31w")]
transform = Transform3D(0.672781, 0, -0.739842, 0, 1, 0, 0.739842, 0, 0.672781, -7.89353, 0, -99.4578)
script = ExtResource("8_tereu")
platform_scenes = Array[PackedScene]([ExtResource("18_obt1j")])
randomize_in_editor = true

[node name="@Node3D@44293" type="Node3D" parent="Level" instance=ExtResource("17_nu31w")]
transform = Transform3D(-0.133544, 0, -0.991043, 0, 1, 0, 0.991043, 0, -0.133544, -9.99256, 0, -102.269)
script = ExtResource("8_tereu")
platform_scenes = Array[PackedScene]([ExtResource("18_obt1j")])
randomize_in_editor = true

[node name="@Node3D@44295" type="Node3D" parent="Level" instance=ExtResource("17_nu31w")]
transform = Transform3D(-0.744609, 0, 0.6675, 0, 1, 0, -0.6675, 0, -0.744609, -7.15719, 0, -108.832)
script = ExtResource("8_tereu")
platform_scenes = Array[PackedScene]([ExtResource("18_obt1j")])
randomize_in_editor = true

[node name="@Node3D@44297" type="Node3D" parent="Level" instance=ExtResource("17_nu31w")]
transform = Transform3D(-0.451333, 0, -0.892356, 0, 1, 0, 0.892356, 0, -0.451333, -8.98967, 0, -110.997)
script = ExtResource("8_tereu")
platform_scenes = Array[PackedScene]([ExtResource("18_obt1j")])
randomize_in_editor = true

[node name="@Node3D@44299" type="Node3D" parent="Level" instance=ExtResource("7_6iypd")]
transform = Transform3D(0.991862, 0, 0.12732, 0, 1, 0, -0.12732, 0, 0.991862, -7.28813, 0, -117.326)
script = ExtResource("8_tereu")
platform_scenes = Array[PackedScene]([ExtResource("9_cdqbm"), ExtResource("10_imku0"), ExtResource("19_obt1j"), ExtResource("9_cdqbm"), ExtResource("10_imku0")])
randomize_in_editor = true

[node name="@Node3D@44301" type="Node3D" parent="Level" instance=ExtResource("17_nu31w")]
transform = Transform3D(0.154883, 0, -0.987933, 0, 1, 0, 0.987933, 0, 0.154883, -11.0657, 0, -121.523)
script = ExtResource("8_tereu")
platform_scenes = Array[PackedScene]([ExtResource("18_obt1j")])
randomize_in_editor = true

[node name="@Node3D@44303" type="Node3D" parent="Level" instance=ExtResource("11_imku0")]
transform = Transform3D(-0.516822, 0, -0.856093, 0, 1, 0, 0.856093, 0, -0.516822, -11.4663, 0, -124.82)
script = ExtResource("8_tereu")
platform_scenes = Array[PackedScene]([ExtResource("12_wlxy5"), ExtResource("13_3v7ru"), ExtResource("22_2yde8")])
randomize_in_editor = true

[node name="@Node3D@44305" type="Node3D" parent="Level" instance=ExtResource("7_6iypd")]
transform = Transform3D(-0.340759, 0, -0.940151, 0, 1, 0, 0.940151, 0, -0.340759, -8.29573, 0, -122.628)
script = ExtResource("8_tereu")
platform_scenes = Array[PackedScene]([ExtResource("9_cdqbm"), ExtResource("10_imku0"), ExtResource("19_obt1j"), ExtResource("9_cdqbm"), ExtResource("10_imku0")])
randomize_in_editor = true

[node name="@Node3D@44307" type="Node3D" parent="Level" instance=ExtResource("17_nu31w")]
transform = Transform3D(-0.955141, 0, -0.296152, 0, 1, 0, 0.296152, 0, -0.955141, -7.49151, 0, -127.276)
script = ExtResource("8_tereu")
platform_scenes = Array[PackedScene]([ExtResource("18_obt1j")])
randomize_in_editor = true

[node name="@Node3D@44309" type="Node3D" parent="Level" instance=ExtResource("7_6iypd")]
transform = Transform3D(-0.829438, 0, 0.558598, 0, 1, 0, -0.558598, 0, -0.829438, -7.00918, 0, -113.046)
script = ExtResource("8_tereu")
platform_scenes = Array[PackedScene]([ExtResource("9_cdqbm"), ExtResource("10_imku0"), ExtResource("19_obt1j"), ExtResource("9_cdqbm"), ExtResource("10_imku0")])
randomize_in_editor = true

[node name="@Node3D@44311" type="Node3D" parent="Level" instance=ExtResource("11_imku0")]
transform = Transform3D(0.998043, 0, 0.062533, 0, 1, 0, -0.062533, 0, 0.998043, -3.49993, 0, -118.843)
script = ExtResource("8_tereu")
platform_scenes = Array[PackedScene]([ExtResource("12_wlxy5"), ExtResource("13_3v7ru"), ExtResource("22_2yde8")])
randomize_in_editor = true

[node name="@Node3D@44313" type="Node3D" parent="Level" instance=ExtResource("11_imku0")]
transform = Transform3D(-0.632524, 0, 0.774541, 0, 1, 0, -0.774541, 0, -0.632524, -4.85963, 0, -121.23)
script = ExtResource("8_tereu")
platform_scenes = Array[PackedScene]([ExtResource("12_wlxy5"), ExtResource("13_3v7ru"), ExtResource("22_2yde8")])
randomize_in_editor = true

[node name="@Node3D@44315" type="Node3D" parent="Level" instance=ExtResource("17_nu31w")]
transform = Transform3D(0.369101, 0, 0.929389, 0, 1, 0, -0.929389, 0, 0.369101, -3.02584, 0, -123.691)
script = ExtResource("8_tereu")
platform_scenes = Array[PackedScene]([ExtResource("18_obt1j")])
randomize_in_editor = true

[node name="@Node3D@44317" type="Node3D" parent="Level" instance=ExtResource("11_imku0")]
transform = Transform3D(-0.273315, 0, -0.961925, 0, 1, 0, 0.961925, 0, -0.273315, -11.3216, 0, -94.0216)
script = ExtResource("8_tereu")
platform_scenes = Array[PackedScene]([ExtResource("12_wlxy5"), ExtResource("13_3v7ru"), ExtResource("22_2yde8")])
randomize_in_editor = true

[node name="@Node3D@44319" type="Node3D" parent="Level" instance=ExtResource("7_6iypd")]
transform = Transform3D(-0.893334, 0, 0.449394, 0, 1, 0, -0.449394, 0, -0.893334, -8.73711, 0, -86.4492)
script = ExtResource("8_tereu")
platform_scenes = Array[PackedScene]([ExtResource("9_cdqbm"), ExtResource("10_imku0"), ExtResource("19_obt1j"), ExtResource("9_cdqbm"), ExtResource("10_imku0")])
randomize_in_editor = true

[node name="@Node3D@44321" type="Node3D" parent="Level" instance=ExtResource("7_6iypd")]
transform = Transform3D(-0.511256, 0, 0.859428, 0, 1, 0, -0.859428, 0, -0.511256, -5.15587, 0, -92.4263)
script = ExtResource("8_tereu")
platform_scenes = Array[PackedScene]([ExtResource("9_cdqbm"), ExtResource("10_imku0"), ExtResource("19_obt1j"), ExtResource("9_cdqbm"), ExtResource("10_imku0")])
randomize_in_editor = true

[node name="@Node3D@44323" type="Node3D" parent="Level" instance=ExtResource("17_nu31w")]
transform = Transform3D(0.429308, 0, 0.903158, 0, 1, 0, -0.903158, 0, 0.429308, -4.7475, 0, -83.9615)
script = ExtResource("8_tereu")
platform_scenes = Array[PackedScene]([ExtResource("18_obt1j")])
randomize_in_editor = true

[node name="@Node3D@44325" type="Node3D" parent="Level" instance=ExtResource("7_6iypd")]
transform = Transform3D(0.753854, 0, -0.657042, 0, 1, 0, 0.657042, 0, 0.753854, -3.47956, 0, -87.303)
script = ExtResource("8_tereu")
platform_scenes = Array[PackedScene]([ExtResource("9_cdqbm"), ExtResource("10_imku0"), ExtResource("19_obt1j"), ExtResource("9_cdqbm"), ExtResource("10_imku0")])
randomize_in_editor = true

[node name="@Node3D@44327" type="Node3D" parent="Level" instance=ExtResource("17_nu31w")]
transform = Transform3D(-0.821734, 0, 0.569871, 0, 1, 0, -0.569871, 0, -0.821734, -5.39347, 0, -89.5033)
script = ExtResource("8_tereu")
platform_scenes = Array[PackedScene]([ExtResource("18_obt1j")])
randomize_in_editor = true

[node name="@Node3D@44329" type="Node3D" parent="Level" instance=ExtResource("7_6iypd")]
transform = Transform3D(-0.964643, 0, -0.263558, 0, 1, 0, 0.263558, 0, -0.964643, 0.828796, 0, -72.1385)
script = ExtResource("8_tereu")
platform_scenes = Array[PackedScene]([ExtResource("9_cdqbm"), ExtResource("10_imku0"), ExtResource("19_obt1j"), ExtResource("9_cdqbm"), ExtResource("10_imku0")])
randomize_in_editor = true

[node name="@Node3D@44331" type="Node3D" parent="Level" instance=ExtResource("11_imku0")]
transform = Transform3D(0.930389, 0, -0.366574, 0, 1, 0, 0.366574, 0, 0.930389, 2.26555, 0, -75.6675)
script = ExtResource("8_tereu")
platform_scenes = Array[PackedScene]([ExtResource("12_wlxy5"), ExtResource("13_3v7ru"), ExtResource("22_2yde8")])
randomize_in_editor = true

[node name="@Node3D@44333" type="Node3D" parent="Level" instance=ExtResource("11_imku0")]
transform = Transform3D(0.100839, 0, -0.994903, 0, 1, 0, 0.994903, 0, 0.100839, 4.40071, 0, -81.344)
script = ExtResource("8_tereu")
platform_scenes = Array[PackedScene]([ExtResource("12_wlxy5"), ExtResource("13_3v7ru"), ExtResource("22_2yde8")])
randomize_in_editor = true

[node name="@Node3D@44335" type="Node3D" parent="Level" instance=ExtResource("17_nu31w")]
transform = Transform3D(0.972239, 0, 0.233992, 0, 1, 0, -0.233992, 0, 0.972239, 5.08337, 0, -85.3134)
script = ExtResource("8_tereu")
platform_scenes = Array[PackedScene]([ExtResource("18_obt1j")])
randomize_in_editor = true

[node name="@Node3D@44337" type="Node3D" parent="Level" instance=ExtResource("7_6iypd")]
transform = Transform3D(0.215856, 0, -0.976425, 0, 1, 0, 0.976425, 0, 0.215856, 6.94899, 0, -87.8857)
script = ExtResource("8_tereu")
platform_scenes = Array[PackedScene]([ExtResource("9_cdqbm"), ExtResource("10_imku0"), ExtResource("19_obt1j"), ExtResource("9_cdqbm"), ExtResource("10_imku0")])
randomize_in_editor = true

[node name="@Node3D@44339" type="Node3D" parent="Level" instance=ExtResource("7_6iypd")]
transform = Transform3D(0.857476, 0, -0.514524, 0, 1, 0, 0.514524, 0, 0.857476, 7.27671, 0, -91.6847)
script = ExtResource("8_tereu")
platform_scenes = Array[PackedScene]([ExtResource("9_cdqbm"), ExtResource("10_imku0"), ExtResource("19_obt1j"), ExtResource("9_cdqbm"), ExtResource("10_imku0")])
randomize_in_editor = true

[node name="@Node3D@44341" type="Node3D" parent="Level" instance=ExtResource("7_6iypd")]
transform = Transform3D(0.995465, 0, 0.0951235, 0, 1, 0, -0.0951235, 0, 0.995465, 7.16572, 0, -94.2547)
script = ExtResource("8_tereu")
platform_scenes = Array[PackedScene]([ExtResource("9_cdqbm"), ExtResource("10_imku0"), ExtResource("19_obt1j"), ExtResource("9_cdqbm"), ExtResource("10_imku0")])
randomize_in_editor = true

[node name="@Node3D@44343" type="Node3D" parent="Level" instance=ExtResource("7_6iypd")]
transform = Transform3D(0.330525, 0, -0.943797, 0, 1, 0, 0.943797, 0, 0.330525, 6.86736, 0, -98.8524)
script = ExtResource("8_tereu")
platform_scenes = Array[PackedScene]([ExtResource("9_cdqbm"), ExtResource("10_imku0"), ExtResource("19_obt1j"), ExtResource("9_cdqbm"), ExtResource("10_imku0")])
randomize_in_editor = true

[node name="@Node3D@44345" type="Node3D" parent="Level" instance=ExtResource("7_6iypd")]
transform = Transform3D(-0.881787, 0, 0.471647, 0, 1, 0, -0.471647, 0, -0.881787, 8.53418, 0, -102.274)
script = ExtResource("8_tereu")
platform_scenes = Array[PackedScene]([ExtResource("9_cdqbm"), ExtResource("10_imku0"), ExtResource("19_obt1j"), ExtResource("9_cdqbm"), ExtResource("10_imku0")])
randomize_in_editor = true

[node name="@Node3D@44347" type="Node3D" parent="Level" instance=ExtResource("7_6iypd")]
transform = Transform3D(0.334796, 0, 0.94229, 0, 1, 0, -0.94229, 0, 0.334796, 10.0383, 0, -108.125)
script = ExtResource("8_tereu")
platform_scenes = Array[PackedScene]([ExtResource("9_cdqbm"), ExtResource("10_imku0"), ExtResource("19_obt1j"), ExtResource("9_cdqbm"), ExtResource("10_imku0")])
randomize_in_editor = true

[node name="@Node3D@44349" type="Node3D" parent="Level" instance=ExtResource("11_imku0")]
transform = Transform3D(0.732008, 0, -0.681296, 0, 1, 0, 0.681296, 0, 0.732008, 9.25928, 0, -112.236)
script = ExtResource("8_tereu")
platform_scenes = Array[PackedScene]([ExtResource("12_wlxy5"), ExtResource("13_3v7ru"), ExtResource("22_2yde8")])
randomize_in_editor = true

[node name="@Node3D@44351" type="Node3D" parent="Level" instance=ExtResource("17_nu31w")]
transform = Transform3D(0.541085, 0, -0.840968, 0, 1, 0, 0.840968, 0, 0.541085, 11.3872, 0, -118.006)
script = ExtResource("8_tereu")
platform_scenes = Array[PackedScene]([ExtResource("18_obt1j")])
randomize_in_editor = true

[node name="@Node3D@44353" type="Node3D" parent="Level" instance=ExtResource("17_nu31w")]
transform = Transform3D(0.452334, 0, 0.891849, 0, 1, 0, -0.891849, 0, 0.452334, 11.9554, 0, -120.565)
script = ExtResource("8_tereu")
platform_scenes = Array[PackedScene]([ExtResource("18_obt1j")])
randomize_in_editor = true

[node name="@Node3D@44355" type="Node3D" parent="Level" instance=ExtResource("11_imku0")]
transform = Transform3D(0.999826, 0, -0.0186402, 0, 1, 0, 0.0186402, 0, 0.999826, 9.26571, 0, -123.605)
script = ExtResource("8_tereu")
platform_scenes = Array[PackedScene]([ExtResource("12_wlxy5"), ExtResource("13_3v7ru"), ExtResource("22_2yde8")])
randomize_in_editor = true

[node name="@Node3D@44357" type="Node3D" parent="Level" instance=ExtResource("7_6iypd")]
transform = Transform3D(-0.318888, 0, -0.947792, 0, 1, 0, 0.947792, 0, -0.318888, 5.92806, 0, -108.774)
script = ExtResource("8_tereu")
platform_scenes = Array[PackedScene]([ExtResource("9_cdqbm"), ExtResource("10_imku0"), ExtResource("19_obt1j"), ExtResource("9_cdqbm"), ExtResource("10_imku0")])
randomize_in_editor = true

[node name="@Node3D@44359" type="Node3D" parent="Level" instance=ExtResource("7_6iypd")]
transform = Transform3D(0.718669, 0, 0.695352, 0, 1, 0, -0.695352, 0, 0.718669, 2.77608, 0, -111.957)
script = ExtResource("8_tereu")
platform_scenes = Array[PackedScene]([ExtResource("9_cdqbm"), ExtResource("10_imku0"), ExtResource("19_obt1j"), ExtResource("9_cdqbm"), ExtResource("10_imku0")])
randomize_in_editor = true

[node name="@Node3D@44361" type="Node3D" parent="Level" instance=ExtResource("11_imku0")]
transform = Transform3D(0.873184, 0, 0.487391, 0, 1, 0, -0.487391, 0, 0.873184, 5.403, 0, -116.292)
script = ExtResource("8_tereu")
platform_scenes = Array[PackedScene]([ExtResource("12_wlxy5"), ExtResource("13_3v7ru"), ExtResource("22_2yde8")])
randomize_in_editor = true

[node name="@Node3D@44363" type="Node3D" parent="Level" instance=ExtResource("11_imku0")]
transform = Transform3D(0.73178, 0, 0.68154, 0, 1, 0, -0.68154, 0, 0.73178, 6.74538, 0, -122.236)
script = ExtResource("8_tereu")
platform_scenes = Array[PackedScene]([ExtResource("12_wlxy5"), ExtResource("13_3v7ru"), ExtResource("22_2yde8")])
randomize_in_editor = true

[node name="@Node3D@44365" type="Node3D" parent="Level" instance=ExtResource("17_nu31w")]
transform = Transform3D(0.989673, 0, -0.143343, 0, 1, 0, 0.143343, 0, 0.989673, 4.25833, 0, -124.821)
script = ExtResource("8_tereu")
platform_scenes = Array[PackedScene]([ExtResource("18_obt1j")])
randomize_in_editor = true

[node name="@Node3D@44367" type="Node3D" parent="Level" instance=ExtResource("7_6iypd")]
transform = Transform3D(-0.589476, 0, -0.807786, 0, 1, 0, 0.807786, 0, -0.589476, 8.47967, 0, -127.404)
script = ExtResource("8_tereu")
platform_scenes = Array[PackedScene]([ExtResource("9_cdqbm"), ExtResource("10_imku0"), ExtResource("19_obt1j"), ExtResource("9_cdqbm"), ExtResource("10_imku0")])
randomize_in_editor = true

[node name="@Node3D@44369" type="Node3D" parent="Level" instance=ExtResource("7_6iypd")]
transform = Transform3D(0.392362, 0, 0.919811, 0, 1, 0, -0.919811, 0, 0.392362, 2.03345, 0, -120.112)
script = ExtResource("8_tereu")
platform_scenes = Array[PackedScene]([ExtResource("9_cdqbm"), ExtResource("10_imku0"), ExtResource("19_obt1j"), ExtResource("9_cdqbm"), ExtResource("10_imku0")])
randomize_in_editor = true

[node name="@Node3D@44371" type="Node3D" parent="Level" instance=ExtResource("17_nu31w")]
transform = Transform3D(-0.259981, 0, 0.965614, 0, 1, 0, -0.965614, 0, -0.259981, 1.68116, 0, -123.015)
script = ExtResource("8_tereu")
platform_scenes = Array[PackedScene]([ExtResource("18_obt1j")])
randomize_in_editor = true

[node name="@Node3D@44373" type="Node3D" parent="Level" instance=ExtResource("11_imku0")]
transform = Transform3D(-0.922118, 0, -0.386908, 0, 1, 0, 0.386908, 0, -0.922118, 0.0186349, 0, -127.091)
script = ExtResource("8_tereu")
platform_scenes = Array[PackedScene]([ExtResource("12_wlxy5"), ExtResource("13_3v7ru"), ExtResource("22_2yde8")])
randomize_in_editor = true

[node name="@Node3D@44375" type="Node3D" parent="Level" instance=ExtResource("7_6iypd")]
transform = Transform3D(-0.996116, 0, 0.0880562, 0, 1, 0, -0.0880562, 0, -0.996116, 0.9931, 0, -116.877)
script = ExtResource("8_tereu")
platform_scenes = Array[PackedScene]([ExtResource("9_cdqbm"), ExtResource("10_imku0"), ExtResource("19_obt1j"), ExtResource("9_cdqbm"), ExtResource("10_imku0")])
randomize_in_editor = true

[node name="@Node3D@44377" type="Node3D" parent="Level" instance=ExtResource("11_imku0")]
transform = Transform3D(0.979932, 0, 0.19933, 0, 1, 0, -0.19933, 0, 0.979932, 1.52778, 0, -89.1075)
script = ExtResource("8_tereu")
platform_scenes = Array[PackedScene]([ExtResource("12_wlxy5"), ExtResource("13_3v7ru"), ExtResource("22_2yde8")])
randomize_in_editor = true

[node name="@Node3D@44379" type="Node3D" parent="Level" instance=ExtResource("11_imku0")]
transform = Transform3D(0.722304, 0, 0.691576, 0, 1, 0, -0.691576, 0, 0.722304, 2.09904, 0, -93.0243)
script = ExtResource("8_tereu")
platform_scenes = Array[PackedScene]([ExtResource("12_wlxy5"), ExtResource("13_3v7ru"), ExtResource("22_2yde8")])
randomize_in_editor = true

[node name="@Node3D@44381" type="Node3D" parent="Level" instance=ExtResource("7_6iypd")]
transform = Transform3D(-0.916542, 0, 0.399937, 0, 1, 0, -0.399937, 0, -0.916542, 1.04301, 0, -99.2593)
script = ExtResource("8_tereu")
