[gd_scene load_steps=34 format=3 uid="uid://3f7k8dolqfhh"]

[ext_resource type="PackedScene" uid="uid://g4tbrr3sfui2" path="res://player.tscn" id="1_a202f"]
[ext_resource type="Script" uid="uid://b85s3xfg6xv8i" path="res://game_manager.gd" id="1_tereu"]
[ext_resource type="FontFile" uid="uid://decj3qo5pg26d" path="res://kirifont/KiriFont.otf" id="2_cdqbm"]
[ext_resource type="LabelSettings" uid="uid://b32jxxg8k3j45" path="res://custom.tres" id="2_tereu"]
[ext_resource type="LabelSettings" uid="uid://c2fbmgdggtmr8" path="res://leaderboard.tres" id="4_imku0"]
[ext_resource type="PackedScene" uid="uid://o6nh6fno5b0d" path="res://level/level.tscn" id="6_i5arm"]
[ext_resource type="PackedScene" uid="uid://berc3ktdu00jq" path="res://water_grid.tscn" id="6_jsk3o"]
[ext_resource type="PackedScene" uid="uid://cloxm7yrf3dau" path="res://player4.tscn" id="6_vxd74"]
[ext_resource type="PackedScene" uid="uid://6kx5nm2ecru" path="res://items/generators/items.tscn" id="6_wc5p8"]
[ext_resource type="PackedScene" uid="uid://bgowpuve5rom4" path="res://level/1x1/1x1.tscn" id="7_6iypd"]
[ext_resource type="PackedScene" uid="uid://cwjt7a54ooioq" path="res://player3.tscn" id="7_dhlwf"]
[ext_resource type="PackedScene" uid="uid://oa4gk1w85htb" path="res://kill_zone.tscn" id="7_wc5p8"]
[ext_resource type="PackedScene" uid="uid://685x3hhuvr5l" path="res://player2.tscn" id="8_5t8nk"]
[ext_resource type="Script" uid="uid://4ohwjxvwlf14" path="res://scripts/random_platform.gd" id="8_tereu"]
[ext_resource type="PackedScene" uid="uid://bau54xbcyquty" path="res://goal.tscn" id="9_4arys"]
[ext_resource type="PackedScene" uid="uid://evotmterwgic" path="res://level/1x1/0.tscn" id="9_cdqbm"]
[ext_resource type="PackedScene" uid="uid://bq3jgcl0fepk2" path="res://level/1x1/1.tscn" id="10_imku0"]
[ext_resource type="PackedScene" uid="uid://bct2vsr7ymxi4" path="res://level/2x2/2x2.tscn" id="11_imku0"]
[ext_resource type="PackedScene" uid="uid://l2l3mvvrqhsu" path="res://level/2x2/0.tscn" id="12_wlxy5"]
[ext_resource type="PackedScene" uid="uid://da3dp6rlapf65" path="res://level/2x2/1.tscn" id="13_3v7ru"]
[ext_resource type="PackedScene" uid="uid://ck51bdne8ldwv" path="res://island.tscn" id="14_wlxy5"]
[ext_resource type="PackedScene" uid="uid://bpulflnw0vw5l" path="res://level/2x1/2x1.tscn" id="17_nu31w"]
[ext_resource type="PackedScene" uid="uid://dviuybxhwu1ho" path="res://level/2x1/0.tscn" id="18_obt1j"]
[ext_resource type="PackedScene" uid="uid://gof5kolddo3a" path="res://level/1x1/2.tscn" id="19_obt1j"]
[ext_resource type="PackedScene" uid="uid://bsmlem37lo4th" path="res://level/2x2/2.tscn" id="22_2yde8"]
[ext_resource type="PackedScene" uid="uid://csmc4dfieimjx" path="res://meshes/Startplatform/Startingplatform.tscn" id="24_dhlwf"]
[ext_resource type="Script" uid="uid://d4bj501dyxm1u" path="res://items/generators/barrel_generator.gd" id="27_nu31w"]

[sub_resource type="LabelSettings" id="LabelSettings_cdqbm"]
font = ExtResource("2_cdqbm")
font_size = 300
outline_size = 40
outline_color = Color(0, 0, 0, 1)

[sub_resource type="StyleBoxFlat" id="StyleBoxFlat_cdqbm"]
bg_color = Color(7.52043e-08, 0.0590926, 0.150703, 0.411765)

[sub_resource type="ProceduralSkyMaterial" id="ProceduralSkyMaterial_noarx"]

[sub_resource type="Sky" id="Sky_noarx"]
sky_material = SubResource("ProceduralSkyMaterial_noarx")

[sub_resource type="Environment" id="Environment_a0tk4"]
background_mode = 2
background_energy_multiplier = 2.5
sky = SubResource("Sky_noarx")

[sub_resource type="CameraAttributesPractical" id="CameraAttributesPractical_noarx"]

[node name="Game" type="Node3D"]

[node name="GameManager" type="Node" parent="."]
script = ExtResource("1_tereu")

[node name="CanvasLayer" type="CanvasLayer" parent="GameManager"]
layer = 100

[node name="SharedLabel" type="Label" parent="GameManager/CanvasLayer"]
custom_minimum_size = Vector2(400, 400)
anchors_preset = 8
anchor_left = 0.5
anchor_top = 0.5
anchor_right = 0.5
anchor_bottom = 0.5
offset_left = -960.0
offset_top = -540.0
offset_right = 960.0
offset_bottom = 540.0
grow_horizontal = 2
grow_vertical = 2
pivot_offset = Vector2(960, 540)
size_flags_vertical = 1
theme_override_font_sizes/font_size = 50
label_settings = ExtResource("2_tereu")
horizontal_alignment = 1
vertical_alignment = 1
autowrap_mode = 2
metadata/_edit_use_anchors_ = true

[node name="SharedLabel2" type="Label" parent="GameManager/CanvasLayer"]
custom_minimum_size = Vector2(2000, 1200)
anchors_preset = 8
anchor_left = 0.5
anchor_top = 0.5
anchor_right = 0.5
anchor_bottom = 0.5
offset_left = -1000.0
offset_top = -600.0
offset_right = 1000.0
offset_bottom = 600.0
grow_horizontal = 2
grow_vertical = 2
size_flags_vertical = 1
text = " "
label_settings = SubResource("LabelSettings_cdqbm")
horizontal_alignment = 1
vertical_alignment = 1
autowrap_mode = 2
metadata/_edit_use_anchors_ = true

[node name="opacity" type="Panel" parent="GameManager/CanvasLayer"]
visible = false
anchors_preset = 15
anchor_right = 1.0
anchor_bottom = 1.0
grow_horizontal = 2
grow_vertical = 2
size_flags_horizontal = 4
size_flags_vertical = 4
theme_override_styles/panel = SubResource("StyleBoxFlat_cdqbm")

[node name="Leaderboard" type="Panel" parent="GameManager/CanvasLayer/opacity"]
custom_minimum_size = Vector2(500, 500)
layout_mode = 1
anchors_preset = 8
anchor_left = 0.5
anchor_top = 0.5
anchor_right = 0.5
anchor_bottom = 0.5
offset_left = -250.0
offset_top = -250.0
offset_right = 250.0
offset_bottom = 250.0
grow_horizontal = 2
grow_vertical = 2

[node name="VBoxContainer" type="VBoxContainer" parent="GameManager/CanvasLayer/opacity/Leaderboard"]
layout_mode = 1
anchors_preset = 15
anchor_right = 1.0
anchor_bottom = 1.0
grow_horizontal = 2
grow_vertical = 2
theme_override_constants/separation = 20

[node name="Score1st" type="Label" parent="GameManager/CanvasLayer/opacity/Leaderboard/VBoxContainer"]
custom_minimum_size = Vector2(100, 100)
layout_mode = 2
size_flags_vertical = 3
label_settings = ExtResource("4_imku0")
horizontal_alignment = 1
vertical_alignment = 1
autowrap_mode = 2

[node name="Score2nd" type="Label" parent="GameManager/CanvasLayer/opacity/Leaderboard/VBoxContainer"]
custom_minimum_size = Vector2(100, 100)
layout_mode = 2
size_flags_vertical = 3
label_settings = ExtResource("4_imku0")
horizontal_alignment = 1
vertical_alignment = 1
autowrap_mode = 2

[node name="Score3rd" type="Label" parent="GameManager/CanvasLayer/opacity/Leaderboard/VBoxContainer"]
custom_minimum_size = Vector2(100, 100)
layout_mode = 2
size_flags_vertical = 3
label_settings = ExtResource("4_imku0")
horizontal_alignment = 1
vertical_alignment = 1
autowrap_mode = 2

[node name="Score4th" type="Label" parent="GameManager/CanvasLayer/opacity/Leaderboard/VBoxContainer"]
custom_minimum_size = Vector2(100, 100)
layout_mode = 2
size_flags_vertical = 3
label_settings = ExtResource("4_imku0")
horizontal_alignment = 1
vertical_alignment = 1
autowrap_mode = 2

[node name="Leaderboard2" type="Panel" parent="GameManager/CanvasLayer/opacity"]
visible = false
custom_minimum_size = Vector2(1000, 150)
layout_mode = 1
anchors_preset = 8
anchor_left = 0.5
anchor_top = 0.5
anchor_right = 0.5
anchor_bottom = 0.5
offset_left = -500.0
offset_top = 140.0
offset_right = 500.0
offset_bottom = 290.0
grow_horizontal = 2
grow_vertical = 2

[node name="MarginContainer" type="MarginContainer" parent="GameManager/CanvasLayer/opacity/Leaderboard2"]
layout_mode = 1
anchors_preset = 15
anchor_right = 1.0
anchor_bottom = 1.0
grow_horizontal = 2
grow_vertical = 2
theme_override_constants/margin_left = 30
theme_override_constants/margin_top = 30
theme_override_constants/margin_right = 30
theme_override_constants/margin_bottom = 30

[node name="HBoxContainer" type="HBoxContainer" parent="GameManager/CanvasLayer/opacity/Leaderboard2/MarginContainer"]
custom_minimum_size = Vector2(1000, 0)
layout_mode = 2
theme_override_constants/separation = 100

[node name="Options" type="Button" parent="GameManager/CanvasLayer/opacity/Leaderboard2/MarginContainer/HBoxContainer"]
layout_mode = 2
size_flags_horizontal = 3
size_flags_vertical = 3
theme_override_fonts/font = ExtResource("2_cdqbm")
theme_override_font_sizes/font_size = 50
text = "Options"

[node name="StartGame" type="Button" parent="GameManager/CanvasLayer/opacity/Leaderboard2/MarginContainer/HBoxContainer"]
layout_mode = 2
size_flags_horizontal = 3
size_flags_vertical = 3
theme_override_fonts/font = ExtResource("2_cdqbm")
theme_override_font_sizes/font_size = 50
text = "Restart"

[node name="Quit" type="Button" parent="GameManager/CanvasLayer/opacity/Leaderboard2/MarginContainer/HBoxContainer"]
layout_mode = 2
size_flags_horizontal = 3
size_flags_vertical = 3
theme_override_fonts/font = ExtResource("2_cdqbm")
theme_override_font_sizes/font_size = 50
text = "quit"

[node name="DirectionalLight3D" type="DirectionalLight3D" parent="."]
transform = Transform3D(-0.534213, -0.815404, -0.223011, -0.284691, -0.0748638, 0.955692, -0.79597, 0.574032, -0.192145, -4.2404, 11.0469, -3.46405)
shadow_enabled = true

[node name="WorldEnvironment" type="WorldEnvironment" parent="."]
environment = SubResource("Environment_a0tk4")
camera_attributes = SubResource("CameraAttributesPractical_noarx")

[node name="GridContainer" type="GridContainer" parent="."]
anchors_preset = 15
anchor_right = 1.0
anchor_bottom = 1.0
grow_horizontal = 2
grow_vertical = 2
columns = 2

[node name="SubViewportContainer" type="SubViewportContainer" parent="GridContainer"]
layout_mode = 2
size_flags_horizontal = 3
size_flags_vertical = 3
stretch = true

[node name="SubViewport" type="SubViewport" parent="GridContainer/SubViewportContainer"]
handle_input_locally = false
size = Vector2i(958, 538)
render_target_update_mode = 4

[node name="Player" parent="GridContainer/SubViewportContainer/SubViewport" instance=ExtResource("1_a202f")]
transform = Transform3D(1, 0, 0, 0, 1, 0, 0, 0, 1, 0, 10, 0)
axis_lock_angular_y = true

[node name="IconTexture" type="TextureRect" parent="GridContainer/SubViewportContainer/SubViewport/Player"]
offset_right = 150.0
offset_bottom = 150.0
expand_mode = 1

[node name="PointsLabel" type="Label" parent="GridContainer/SubViewportContainer/SubViewport/Player"]
custom_minimum_size = Vector2(300, 0)
anchors_preset = 2
anchor_top = 1.0
anchor_bottom = 1.0
offset_top = -23.0
offset_right = 79.0
grow_vertical = 0
horizontal_alignment = 2

[node name="MarginContainer" type="MarginContainer" parent="GridContainer/SubViewportContainer/SubViewport/Player"]
visible = false
offset_left = 20.0
offset_top = 20.0
offset_right = 60.0
offset_bottom = 61.0

[node name="CurrItemLabel" type="Label" parent="GridContainer/SubViewportContainer/SubViewport/Player/MarginContainer"]
layout_mode = 2

[node name="SubViewportContainer2" type="SubViewportContainer" parent="GridContainer"]
layout_mode = 2
size_flags_horizontal = 3
size_flags_vertical = 3
stretch = true

[node name="SubViewport" type="SubViewport" parent="GridContainer/SubViewportContainer2"]
handle_input_locally = false
size = Vector2i(958, 538)
render_target_update_mode = 4

[node name="Player2" parent="GridContainer/SubViewportContainer2/SubViewport" instance=ExtResource("8_5t8nk")]
transform = Transform3D(1, 0, 0, 0, 1, 0, 0, 0, 1, 2.5, 10, 0)

[node name="PointsLabel" type="Label" parent="GridContainer/SubViewportContainer2/SubViewport/Player2"]
custom_minimum_size = Vector2(320, 0)
anchors_preset = 3
anchor_left = 1.0
anchor_top = 1.0
anchor_right = 1.0
anchor_bottom = 1.0
offset_left = -79.0
offset_top = -41.0
grow_horizontal = 0
grow_vertical = 0

[node name="MarginContainer" type="MarginContainer" parent="GridContainer/SubViewportContainer2/SubViewport/Player2"]
visible = false
anchors_preset = 1
anchor_left = 1.0
anchor_right = 1.0
offset_left = -40.0
offset_bottom = 41.0
grow_horizontal = 0

[node name="CurrItemLabel" type="Label" parent="GridContainer/SubViewportContainer2/SubViewport/Player2/MarginContainer"]
layout_mode = 2

[node name="IconTexture" type="TextureRect" parent="GridContainer/SubViewportContainer2/SubViewport/Player2"]
anchors_preset = 1
anchor_left = 1.0
anchor_right = 1.0
offset_left = -150.0
offset_bottom = 150.0
grow_horizontal = 0
expand_mode = 1

[node name="SubViewportContainer3" type="SubViewportContainer" parent="GridContainer"]
layout_mode = 2
size_flags_horizontal = 3
size_flags_vertical = 3
stretch = true

[node name="SubViewport" type="SubViewport" parent="GridContainer/SubViewportContainer3"]
handle_input_locally = false
size = Vector2i(958, 538)
render_target_update_mode = 4

[node name="Player3" parent="GridContainer/SubViewportContainer3/SubViewport" instance=ExtResource("7_dhlwf")]
transform = Transform3D(1, 0, 0, 0, 1, 0, 0, 0, 1, 5, 10, 0)

[node name="IconTexture" type="TextureRect" parent="GridContainer/SubViewportContainer3/SubViewport/Player3"]
anchors_preset = 2
anchor_top = 1.0
anchor_bottom = 1.0
offset_top = -150.0
offset_right = 150.0
grow_vertical = 0
expand_mode = 1

[node name="PointsLabel" type="Label" parent="GridContainer/SubViewportContainer3/SubViewport/Player3"]
custom_minimum_size = Vector2(300, 0)
anchors_preset = 2
anchor_top = 1.0
anchor_bottom = 1.0
offset_top = -41.0
offset_right = 79.0
grow_vertical = 0
horizontal_alignment = 2

[node name="MarginContainer" type="MarginContainer" parent="GridContainer/SubViewportContainer3/SubViewport/Player3"]
visible = false
anchors_preset = 2
anchor_top = 1.0
anchor_bottom = 1.0
offset_top = -41.0
offset_right = 40.0
grow_vertical = 0

[node name="CurrItemLabel" type="Label" parent="GridContainer/SubViewportContainer3/SubViewport/Player3/MarginContainer"]
layout_mode = 2

[node name="SubViewportContainer4" type="SubViewportContainer" parent="GridContainer"]
layout_mode = 2
size_flags_horizontal = 3
size_flags_vertical = 3
stretch = true

[node name="SubViewport" type="SubViewport" parent="GridContainer/SubViewportContainer4"]
handle_input_locally = false
size = Vector2i(958, 538)
render_target_update_mode = 4

[node name="Player4" parent="GridContainer/SubViewportContainer4/SubViewport" instance=ExtResource("6_vxd74")]
transform = Transform3D(1, 0, 0, 0, 1, 0, 0, 0, 1, 7.5, 10, 0)

[node name="IconTexture" type="TextureRect" parent="GridContainer/SubViewportContainer4/SubViewport/Player4"]
anchors_preset = 3
anchor_left = 1.0
anchor_top = 1.0
anchor_right = 1.0
anchor_bottom = 1.0
offset_left = -150.0
offset_top = -150.0
grow_horizontal = 0
grow_vertical = 0
expand_mode = 1

[node name="PointsLabel" type="Label" parent="GridContainer/SubViewportContainer4/SubViewport/Player4"]
custom_minimum_size = Vector2(320, 0)
anchors_preset = 3
anchor_left = 1.0
anchor_top = 1.0
anchor_right = 1.0
anchor_bottom = 1.0
offset_left = -79.0
offset_top = -41.0
grow_horizontal = 0
grow_vertical = 0

[node name="MarginContainer" type="MarginContainer" parent="GridContainer/SubViewportContainer4/SubViewport/Player4"]
visible = false
anchors_preset = 3
anchor_left = 1.0
anchor_top = 1.0
anchor_right = 1.0
anchor_bottom = 1.0
offset_left = -40.0
offset_top = -41.0
grow_horizontal = 0
grow_vertical = 0

[node name="CurrItemLabel" type="Label" parent="GridContainer/SubViewportContainer4/SubViewport/Player4/MarginContainer"]
layout_mode = 2

[node name="Items" parent="." instance=ExtResource("6_wc5p8")]

[node name="Level" parent="." instance=ExtResource("6_i5arm")]

[node name="Node3D" type="Node3D" parent="Level" instance=ExtResource("7_6iypd")]
transform = Transform3D(-0.869463, 0, 0.493998, 0, 1, 0, -0.493998, 0, -0.869463, 0, 0, 0)
script = ExtResource("8_tereu")
platform_scenes = Array[PackedScene]([ExtResource("9_cdqbm"), ExtResource("10_imku0"), ExtResource("19_obt1j"), ExtResource("9_cdqbm"), ExtResource("10_imku0")])
randomize_in_editor = true

[node name="@Node3D@22296" type="Node3D" parent="Level" instance=ExtResource("11_imku0")]
transform = Transform3D(0.605629, 0, -0.795747, 0, 1, 0, 0.795747, 0, 0.605629, -4.12404, 0, -5.72395)
script = ExtResource("8_tereu")
platform_scenes = Array[PackedScene]([ExtResource("12_wlxy5"), ExtResource("13_3v7ru"), ExtResource("22_2yde8")])
randomize_in_editor = true

[node name="@Node3D@22298" type="Node3D" parent="Level" instance=ExtResource("11_imku0")]
transform = Transform3D(-0.13134, 0, 0.991337, 0, 1, 0, -0.991337, 0, -0.13134, -5.38499, 0, -10.8662)
script = ExtResource("8_tereu")
platform_scenes = Array[PackedScene]([ExtResource("12_wlxy5"), ExtResource("13_3v7ru"), ExtResource("22_2yde8")])
randomize_in_editor = true

[node name="@Node3D@22300" type="Node3D" parent="Level" instance=ExtResource("17_nu31w")]
transform = Transform3D(0.465119, 0, -0.885248, 0, 1, 0, 0.885248, 0, 0.465119, -5.76477, 0, -17.5093)
script = ExtResource("8_tereu")
platform_scenes = Array[PackedScene]([ExtResource("18_obt1j")])
randomize_in_editor = true

[node name="@Node3D@22302" type="Node3D" parent="Level" instance=ExtResource("11_imku0")]
transform = Transform3D(0.501519, 0, 0.865147, 0, 1, 0, -0.865147, 0, 0.501519, -2.66019, 0, -23.895)
script = ExtResource("8_tereu")
platform_scenes = Array[PackedScene]([ExtResource("12_wlxy5"), ExtResource("13_3v7ru"), ExtResource("22_2yde8")])
randomize_in_editor = true

[node name="@Node3D@22304" type="Node3D" parent="Level" instance=ExtResource("17_nu31w")]
transform = Transform3D(-0.750953, 0, -0.660356, 0, 1, 0, 0.660356, 0, -0.750953, -0.77948, 0, -28.6357)
script = ExtResource("8_tereu")
platform_scenes = Array[PackedScene]([ExtResource("18_obt1j")])
randomize_in_editor = true

[node name="@Node3D@22306" type="Node3D" parent="Level" instance=ExtResource("17_nu31w")]
transform = Transform3D(-0.424956, 0, 0.905214, 0, 1, 0, -0.905214, 0, -0.424956, -0.307661, 0, -32.8905)
script = ExtResource("8_tereu")
platform_scenes = Array[PackedScene]([ExtResource("18_obt1j")])
randomize_in_editor = true

[node name="@Node3D@22308" type="Node3D" parent="Level" instance=ExtResource("7_6iypd")]
transform = Transform3D(0.54641, 0, 0.837518, 0, 1, 0, -0.837518, 0, 0.54641, -1.26017, 0, -37.7053)
script = ExtResource("8_tereu")
platform_scenes = Array[PackedScene]([ExtResource("9_cdqbm"), ExtResource("10_imku0"), ExtResource("19_obt1j"), ExtResource("9_cdqbm"), ExtResource("10_imku0")])
randomize_in_editor = true

[node name="@Node3D@22310" type="Node3D" parent="Level" instance=ExtResource("17_nu31w")]
transform = Transform3D(-0.915202, 0, 0.402996, 0, 1, 0, -0.402996, 0, -0.915202, -2.39056, 0, -39.9447)
script = ExtResource("8_tereu")
platform_scenes = Array[PackedScene]([ExtResource("18_obt1j")])
randomize_in_editor = true

[node name="@Node3D@22312" type="Node3D" parent="Level" instance=ExtResource("17_nu31w")]
transform = Transform3D(0.261116, 0, 0.965307, 0, 1, 0, -0.965307, 0, 0.261116, -4.20865, 0, -46.738)
script = ExtResource("8_tereu")
platform_scenes = Array[PackedScene]([ExtResource("18_obt1j")])
randomize_in_editor = true

[node name="@Node3D@22314" type="Node3D" parent="Level" instance=ExtResource("7_6iypd")]
transform = Transform3D(0.972978, 0, 0.230899, 0, 1, 0, -0.230899, 0, 0.972978, -7.31146, 0, -51.0862)
script = ExtResource("8_tereu")
platform_scenes = Array[PackedScene]([ExtResource("9_cdqbm"), ExtResource("10_imku0"), ExtResource("19_obt1j"), ExtResource("9_cdqbm"), ExtResource("10_imku0")])
randomize_in_editor = true

[node name="@Node3D@22316" type="Node3D" parent="Level" instance=ExtResource("11_imku0")]
transform = Transform3D(0.828143, 0, -0.560517, 0, 1, 0, 0.560517, 0, 0.828143, -7.51668, 0, -55.491)
script = ExtResource("8_tereu")
platform_scenes = Array[PackedScene]([ExtResource("12_wlxy5"), ExtResource("13_3v7ru"), ExtResource("22_2yde8")])
randomize_in_editor = true

[node name="@Node3D@22318" type="Node3D" parent="Level" instance=ExtResource("17_nu31w")]
transform = Transform3D(0.546932, 0, 0.837177, 0, 1, 0, -0.837177, 0, 0.546932, -9.98871, 0, -60.0156)
script = ExtResource("8_tereu")
platform_scenes = Array[PackedScene]([ExtResource("18_obt1j")])
randomize_in_editor = true

[node name="@Node3D@22320" type="Node3D" parent="Level" instance=ExtResource("7_6iypd")]
transform = Transform3D(-0.995819, 0, -0.0913471, 0, 1, 0, 0.0913471, 0, -0.995819, -7.60298, 0, -64.7145)
script = ExtResource("8_tereu")
platform_scenes = Array[PackedScene]([ExtResource("9_cdqbm"), ExtResource("10_imku0"), ExtResource("19_obt1j"), ExtResource("9_cdqbm"), ExtResource("10_imku0")])
randomize_in_editor = true

[node name="@Node3D@22322" type="Node3D" parent="Level" instance=ExtResource("17_nu31w")]
transform = Transform3D(0.773766, 0, -0.633472, 0, 1, 0, 0.633472, 0, 0.773766, -7.86754, 0, -68.5554)
script = ExtResource("8_tereu")
platform_scenes = Array[PackedScene]([ExtResource("18_obt1j")])
randomize_in_editor = true

[node name="@Node3D@22324" type="Node3D" parent="Level" instance=ExtResource("11_imku0")]
transform = Transform3D(-0.837568, 0, -0.546332, 0, 1, 0, 0.546332, 0, -0.837568, -6.13619, 0, -70.695)
script = ExtResource("8_tereu")
platform_scenes = Array[PackedScene]([ExtResource("12_wlxy5"), ExtResource("13_3v7ru"), ExtResource("22_2yde8")])
randomize_in_editor = true

[node name="@Node3D@22326" type="Node3D" parent="Level" instance=ExtResource("11_imku0")]
transform = Transform3D(0.904814, 0, -0.425806, 0, 1, 0, 0.425806, 0, 0.904814, -3.81243, 0, -76.8678)
script = ExtResource("8_tereu")
platform_scenes = Array[PackedScene]([ExtResource("12_wlxy5"), ExtResource("13_3v7ru"), ExtResource("22_2yde8")])
randomize_in_editor = true

[node name="@Node3D@22328" type="Node3D" parent="Level" instance=ExtResource("17_nu31w")]
transform = Transform3D(0.0442399, 0, -0.999021, 0, 1, 0, 0.999021, 0, 0.0442399, -5.72129, 0, -82.7433)
script = ExtResource("8_tereu")
platform_scenes = Array[PackedScene]([ExtResource("18_obt1j")])
randomize_in_editor = true

[node name="@Node3D@22330" type="Node3D" parent="Level" instance=ExtResource("17_nu31w")]
transform = Transform3D(-0.0795296, 0, -0.996832, 0, 1, 0, 0.996832, 0, -0.0795296, -8.44257, 0, -85.6791)
script = ExtResource("8_tereu")
platform_scenes = Array[PackedScene]([ExtResource("18_obt1j")])
randomize_in_editor = true

[node name="@Node3D@22332" type="Node3D" parent="Level" instance=ExtResource("7_6iypd")]
transform = Transform3D(0.192533, 0, -0.98129, 0, 1, 0, 0.98129, 0, 0.192533, -4.83952, 0, -89.8906)
script = ExtResource("8_tereu")
platform_scenes = Array[PackedScene]([ExtResource("9_cdqbm"), ExtResource("10_imku0"), ExtResource("19_obt1j"), ExtResource("9_cdqbm"), ExtResource("10_imku0")])
randomize_in_editor = true

[node name="@Node3D@22334" type="Node3D" parent="Level" instance=ExtResource("7_6iypd")]
transform = Transform3D(0.452843, 0, -0.89159, 0, 1, 0, 0.89159, 0, 0.452843, -4.86403, 0, -93.0614)
script = ExtResource("8_tereu")
platform_scenes = Array[PackedScene]([ExtResource("9_cdqbm"), ExtResource("10_imku0"), ExtResource("19_obt1j"), ExtResource("9_cdqbm"), ExtResource("10_imku0")])
randomize_in_editor = true

[node name="@Node3D@22336" type="Node3D" parent="Level" instance=ExtResource("7_6iypd")]
transform = Transform3D(0.0798064, 0, 0.99681, 0, 1, 0, -0.99681, 0, 0.0798064, -9.06839, 0, -97.6914)
script = ExtResource("8_tereu")
platform_scenes = Array[PackedScene]([ExtResource("9_cdqbm"), ExtResource("10_imku0"), ExtResource("19_obt1j"), ExtResource("9_cdqbm"), ExtResource("10_imku0")])
randomize_in_editor = true

[node name="@Node3D@22338" type="Node3D" parent="Level" instance=ExtResource("17_nu31w")]
transform = Transform3D(-0.16253, 0, -0.986704, 0, 1, 0, 0.986704, 0, -0.16253, -10.8689, 0, -100.551)
script = ExtResource("8_tereu")
platform_scenes = Array[PackedScene]([ExtResource("18_obt1j")])
randomize_in_editor = true

[node name="@Node3D@22340" type="Node3D" parent="Level" instance=ExtResource("11_imku0")]
transform = Transform3D(0.922592, 0, -0.385778, 0, 1, 0, 0.385778, 0, 0.922592, -6.77245, 0, -104.923)
script = ExtResource("8_tereu")
platform_scenes = Array[PackedScene]([ExtResource("12_wlxy5"), ExtResource("13_3v7ru"), ExtResource("22_2yde8")])
randomize_in_editor = true

[node name="@Node3D@22342" type="Node3D" parent="Level" instance=ExtResource("17_nu31w")]
transform = Transform3D(0.688106, 0, -0.72561, 0, 1, 0, 0.72561, 0, 0.688106, -2.50815, 0, -109.341)
script = ExtResource("8_tereu")
platform_scenes = Array[PackedScene]([ExtResource("18_obt1j")])
randomize_in_editor = true

[node name="@Node3D@22344" type="Node3D" parent="Level" instance=ExtResource("17_nu31w")]
transform = Transform3D(-0.999645, 0, 0.0266434, 0, 1, 0, -0.0266434, 0, -0.999645, -6.00586, 0, -114.137)
script = ExtResource("8_tereu")
platform_scenes = Array[PackedScene]([ExtResource("18_obt1j")])
randomize_in_editor = true

[node name="@Node3D@22346" type="Node3D" parent="Level" instance=ExtResource("11_imku0")]
transform = Transform3D(0.57242, 0, 0.819961, 0, 1, 0, -0.819961, 0, 0.57242, -4.28697, 0, -121.165)
script = ExtResource("8_tereu")
platform_scenes = Array[PackedScene]([ExtResource("12_wlxy5"), ExtResource("13_3v7ru"), ExtResource("22_2yde8")])
randomize_in_editor = true

[node name="@Node3D@22348" type="Node3D" parent="Level" instance=ExtResource("17_nu31w")]
transform = Transform3D(-0.643292, 0, 0.765621, 0, 1, 0, -0.765621, 0, -0.643292, -1.86093, 0, -127.583)
script = ExtResource("8_tereu")
platform_scenes = Array[PackedScene]([ExtResource("18_obt1j")])
randomize_in_editor = true

[node name="@Node3D@22350" type="Node3D" parent="Level" instance=ExtResource("11_imku0")]
transform = Transform3D(-0.227039, 0, -0.973886, 0, 1, 0, 0.973886, 0, -0.227039, -4.5905, 0, -124.773)
script = ExtResource("8_tereu")
platform_scenes = Array[PackedScene]([ExtResource("12_wlxy5"), ExtResource("13_3v7ru"), ExtResource("22_2yde8")])
randomize_in_editor = true

[node name="@Node3D@22352" type="Node3D" parent="Level" instance=ExtResource("7_6iypd")]
transform = Transform3D(0.629947, 0, 0.776638, 0, 1, 0, -0.776638, 0, 0.629947, -4.93946, 0, -111.779)
script = ExtResource("8_tereu")
platform_scenes = Array[PackedScene]([ExtResource("9_cdqbm"), ExtResource("10_imku0"), ExtResource("19_obt1j"), ExtResource("9_cdqbm"), ExtResource("10_imku0")])
randomize_in_editor = true

[node name="@Node3D@22354" type="Node3D" parent="Level" instance=ExtResource("7_6iypd")]
transform = Transform3D(0.980965, 0, -0.194185, 0, 1, 0, 0.194185, 0, 0.980965, -2.58041, 0, -116.08)
script = ExtResource("8_tereu")
platform_scenes = Array[PackedScene]([ExtResource("9_cdqbm"), ExtResource("10_imku0"), ExtResource("19_obt1j"), ExtResource("9_cdqbm"), ExtResource("10_imku0")])
randomize_in_editor = true

[node name="@Node3D@22356" type="Node3D" parent="Level" instance=ExtResource("11_imku0")]
transform = Transform3D(-0.963364, 0, -0.268198, 0, 1, 0, 0.268198, 0, -0.963364, -2.03371, 0, -119.835)
script = ExtResource("8_tereu")
platform_scenes = Array[PackedScene]([ExtResource("12_wlxy5"), ExtResource("13_3v7ru"), ExtResource("22_2yde8")])
randomize_in_editor = true

[node name="@Node3D@22358" type="Node3D" parent="Level" instance=ExtResource("17_nu31w")]
transform = Transform3D(0.902228, 0, 0.43126, 0, 1, 0, -0.43126, 0, 0.902228, -0.117763, 0, -124.294)
script = ExtResource("8_tereu")
platform_scenes = Array[PackedScene]([ExtResource("18_obt1j")])
randomize_in_editor = true

[node name="@Node3D@22360" type="Node3D" parent="Level" instance=ExtResource("17_nu31w")]
transform = Transform3D(0.966476, 0, 0.256757, 0, 1, 0, -0.256757, 0, 0.966476, -10.4985, 0, -103.721)
script = ExtResource("8_tereu")
platform_scenes = Array[PackedScene]([ExtResource("18_obt1j")])
randomize_in_editor = true

[node name="@Node3D@22362" type="Node3D" parent="Level" instance=ExtResource("11_imku0")]
transform = Transform3D(-0.898719, 0, -0.438525, 0, 1, 0, 0.438525, 0, -0.898719, -10.502, 0, -108.94)
script = ExtResource("8_tereu")
platform_scenes = Array[PackedScene]([ExtResource("12_wlxy5"), ExtResource("13_3v7ru"), ExtResource("22_2yde8")])
randomize_in_editor = true

[node name="@Node3D@22364" type="Node3D" parent="Level" instance=ExtResource("7_6iypd")]
transform = Transform3D(-0.951185, 0, -0.308621, 0, 1, 0, 0.308621, 0, -0.951185, -11.7514, 0, -113.929)
script = ExtResource("8_tereu")
platform_scenes = Array[PackedScene]([ExtResource("9_cdqbm"), ExtResource("10_imku0"), ExtResource("19_obt1j"), ExtResource("9_cdqbm"), ExtResource("10_imku0")])
randomize_in_editor = true

[node name="@Node3D@22366" type="Node3D" parent="Level" instance=ExtResource("7_6iypd")]
transform = Transform3D(0.861299, 0, 0.508099, 0, 1, 0, -0.508099, 0, 0.861299, -8.63055, 0, -117.819)
script = ExtResource("8_tereu")
platform_scenes = Array[PackedScene]([ExtResource("9_cdqbm"), ExtResource("10_imku0"), ExtResource("19_obt1j"), ExtResource("9_cdqbm"), ExtResource("10_imku0")])
randomize_in_editor = true

[node name="@Node3D@22368" type="Node3D" parent="Level" instance=ExtResource("17_nu31w")]
transform = Transform3D(-0.592023, 0, 0.805921, 0, 1, 0, -0.805921, 0, -0.592023, -6.94204, 0, -120.928)
script = ExtResource("8_tereu")
platform_scenes = Array[PackedScene]([ExtResource("18_obt1j")])
randomize_in_editor = true

[node name="@Node3D@22370" type="Node3D" parent="Level" instance=ExtResource("11_imku0")]
transform = Transform3D(-0.861211, 0, 0.508247, 0, 1, 0, -0.508247, 0, -0.861211, -7.44508, 0, -127.934)
script = ExtResource("8_tereu")
platform_scenes = Array[PackedScene]([ExtResource("12_wlxy5"), ExtResource("13_3v7ru"), ExtResource("22_2yde8")])
randomize_in_editor = true

[node name="@Node3D@22372" type="Node3D" parent="Level" instance=ExtResource("17_nu31w")]
transform = Transform3D(0.697969, 0, 0.716128, 0, 1, 0, -0.716128, 0, 0.697969, -3.84232, 0, -86.613)
script = ExtResource("8_tereu")
platform_scenes = Array[PackedScene]([ExtResource("18_obt1j")])
randomize_in_editor = true

[node name="@Node3D@22374" type="Node3D" parent="Level" instance=ExtResource("11_imku0")]
transform = Transform3D(-0.883126, 0, 0.469136, 0, 1, 0, -0.469136, 0, -0.883126, -2.34741, 0, -92.8648)
script = ExtResource("8_tereu")
platform_scenes = Array[PackedScene]([ExtResource("12_wlxy5"), ExtResource("13_3v7ru"), ExtResource("22_2yde8")])
randomize_in_editor = true

[node name="@Node3D@22376" type="Node3D" parent="Level" instance=ExtResource("7_6iypd")]
transform = Transform3D(-0.706058, 0, 0.708154, 0, 1, 0, -0.708154, 0, -0.706058, 1.23814, 0, -97.9927)
script = ExtResource("8_tereu")
platform_scenes = Array[PackedScene]([ExtResource("9_cdqbm"), ExtResource("10_imku0"), ExtResource("19_obt1j"), ExtResource("9_cdqbm"), ExtResource("10_imku0")])
randomize_in_editor = true

[node name="@Node3D@22378" type="Node3D" parent="Level" instance=ExtResource("11_imku0")]
transform = Transform3D(0.0813714, 0, -0.996684, 0, 1, 0, 0.996684, 0, 0.0813714, 2.25852, 0, -101.459)
script = ExtResource("8_tereu")
platform_scenes = Array[PackedScene]([ExtResource("12_wlxy5"), ExtResource("13_3v7ru"), ExtResource("22_2yde8")])
randomize_in_editor = true

[node name="@Node3D@22380" type="Node3D" parent="Level" instance=ExtResource("11_imku0")]
transform = Transform3D(0.927649, 0, -0.373454, 0, 1, 0, 0.373454, 0, 0.927649, 1.77827, 0, -104.77)
script = ExtResource("8_tereu")
platform_scenes = Array[PackedScene]([ExtResource("12_wlxy5"), ExtResource("13_3v7ru"), ExtResource("22_2yde8")])
randomize_in_editor = true

[node name="@Node3D@22382" type="Node3D" parent="Level" instance=ExtResource("11_imku0")]
transform = Transform3D(-0.557622, 0, -0.830095, 0, 1, 0, 0.830095, 0, -0.557622, 0.15078, 0, -108.721)
script = ExtResource("8_tereu")
platform_scenes = Array[PackedScene]([ExtResource("12_wlxy5"), ExtResource("13_3v7ru"), ExtResource("22_2yde8")])
randomize_in_editor = true

[node name="@Node3D@22384" type="Node3D" parent="Level" instance=ExtResource("11_imku0")]
transform = Transform3D(0.871639, 0, -0.490149, 0, 1, 0, 0.490149, 0, 0.871639, -2.62373, 0, -83.4663)
script = ExtResource("8_tereu")
platform_scenes = Array[PackedScene]([ExtResource("12_wlxy5"), ExtResource("13_3v7ru"), ExtResource("22_2yde8")])
randomize_in_editor = true

[node name="@Node3D@22386" type="Node3D" parent="Level" instance=ExtResource("11_imku0")]
transform = Transform3D(-0.0760193, 0, -0.997106, 0, 1, 0, 0.997106, 0, -0.0760193, -1.30335, 0, -88.748)
script = ExtResource("8_tereu")
platform_scenes = Array[PackedScene]([ExtResource("12_wlxy5"), ExtResource("13_3v7ru"), ExtResource("22_2yde8")])
randomize_in_editor = true

[node name="@Node3D@22388" type="Node3D" parent="Level" instance=ExtResource("7_6iypd")]
transform = Transform3D(-0.166073, 0, 0.986113, 0, 1, 0, -0.986113, 0, -0.166073, -5.52586, 0, -53.3888)
script = ExtResource("8_tereu")
platform_scenes = Array[PackedScene]([ExtResource("9_cdqbm"), ExtResource("10_imku0"), ExtResource("19_obt1j"), ExtResource("9_cdqbm"), ExtResource("10_imku0")])
randomize_in_editor = true

[node name="@Node3D@22390" type="Node3D" parent="Level" instance=ExtResource("11_imku0")]
transform = Transform3D(-0.524078, 0, -0.85167, 0, 1, 0, 0.85167, 0, -0.524078, -4.22359, 0, -59.1917)
script = ExtResource("8_tereu")
platform_scenes = Array[PackedScene]([ExtResource("12_wlxy5"), ExtResource("13_3v7ru"), ExtResource("22_2yde8")])
randomize_in_editor = true

[node name="@Node3D@22392" type="Node3D" parent="Level" instance=ExtResource("11_imku0")]
transform = Transform3D(0.863677, 0, 0.504045, 0, 1, 0, -0.504045, 0, 0.863677, -1.40249, 0, -62.3318)
script = ExtResource("8_tereu")
platform_scenes = Array[PackedScene]([ExtResource("12_wlxy5"), ExtResource("13_3v7ru"), ExtResource("22_2yde8")])
randomize_in_editor = true

[node name="@Node3D@22394" type="Node3D" parent="Level" instance=ExtResource("17_nu31w")]
transform = Transform3D(-0.719003, 0, 0.695007, 0, 1, 0, -0.695007, 0, -0.719003, -1.37063, 0, -65.6779)
script = ExtResource("8_tereu")
platform_scenes = Array[PackedScene]([ExtResource("18_obt1j")])
randomize_in_editor = true

[node name="@Node3D@22396" type="Node3D" parent="Level" instance=ExtResource("7_6iypd")]
transform = Transform3D(-0.775868, 0, 0.630896, 0, 1, 0, -0.630896, 0, -0.775868, 0.178816, 0, -70.2449)
script = ExtResource("8_tereu")
platform_scenes = Array[PackedScene]([ExtResource("9_cdqbm"), ExtResource("10_imku0"), ExtResource("19_obt1j"), ExtResource("9_cdqbm"), ExtResource("10_imku0")])
randomize_in_editor = true

[node name="@Node3D@22398" type="Node3D" parent="Level" instance=ExtResource("11_imku0")]
transform = Transform3D(-0.978131, 0, -0.207988, 0, 1, 0, 0.207988, 0, -0.978131, 3.56943, 0, -73.7346)
script = ExtResource("8_tereu")
platform_scenes = Array[PackedScene]([ExtResource("12_wlxy5"), ExtResource("13_3v7ru"), ExtResource("22_2yde8")])
randomize_in_editor = true

[node name="@Node3D@22400" type="Node3D" parent="Level" instance=ExtResource("11_imku0")]
transform = Transform3D(-0.46724, 0, -0.884131, 0, 1, 0, 0.884131, 0, -0.46724, 3.05006, 0, -78.1141)
script = ExtResource("8_tereu")
platform_scenes = Array[PackedScene]([ExtResource("12_wlxy5"), ExtResource("13_3v7ru"), ExtResource("22_2yde8")])
randomize_in_editor = true

[node name="@Node3D@22402" type="Node3D" parent="Level" instance=ExtResource("17_nu31w")]
transform = Transform3D(0.988886, 0, -0.148673, 0, 1, 0, 0.148673, 0, 0.988886, 3.88422, 0, -80.8497)
script = ExtResource("8_tereu")
platform_scenes = Array[PackedScene]([ExtResource("18_obt1j")])
randomize_in_editor = true

[node name="@Node3D@22404" type="Node3D" parent="Level" instance=ExtResource("17_nu31w")]
transform = Transform3D(0.779212, 0, 0.626761, 0, 1, 0, -0.626761, 0, 0.779212, 0.149525, 0, -85.1441)
script = ExtResource("8_tereu")
platform_scenes = Array[PackedScene]([ExtResource("18_obt1j")])
randomize_in_editor = true

[node name="@Node3D@22406" type="Node3D" parent="Level" instance=ExtResource("11_imku0")]
transform = Transform3D(-0.0496935, 0, 0.998765, 0, 1, 0, -0.998765, 0, -0.0496935, 6.64168, 0, -85.5159)
script = ExtResource("8_tereu")
platform_scenes = Array[PackedScene]([ExtResource("12_wlxy5"), ExtResource("13_3v7ru"), ExtResource("22_2yde8")])
randomize_in_editor = true

[node name="@Node3D@22408" type="Node3D" parent="Level" instance=ExtResource("17_nu31w")]
transform = Transform3D(-0.175596, 0, 0.984462, 0, 1, 0, -0.984462, 0, -0.175596, 5.6333, 0, -88.4704)
script = ExtResource("8_tereu")
platform_scenes = Array[PackedScene]([ExtResource("18_obt1j")])
randomize_in_editor = true

[node name="@Node3D@22410" type="Node3D" parent="Level" instance=ExtResource("17_nu31w")]
transform = Transform3D(-0.307172, 0, -0.951654, 0, 1, 0, 0.951654, 0, -0.307172, 5.51781, 0, -91.3548)
script = ExtResource("8_tereu")
platform_scenes = Array[PackedScene]([ExtResource("18_obt1j")])
randomize_in_editor = true

[node name="@Node3D@22412" type="Node3D" parent="Level" instance=ExtResource("11_imku0")]
transform = Transform3D(0.415022, 0, 0.909811, 0, 1, 0, -0.909811, 0, 0.415022, 5.5572, 0, -94.3554)
script = ExtResource("8_tereu")
platform_scenes = Array[PackedScene]([ExtResource("12_wlxy5"), ExtResource("13_3v7ru"), ExtResource("22_2yde8")])
randomize_in_editor = true

[node name="@Node3D@22414" type="Node3D" parent="Level" instance=ExtResource("7_6iypd")]
transform = Transform3D(-0.945304, 0, 0.326191, 0, 1, 0, -0.326191, 0, -0.945304, 1.35219, 0, -35.5575)
script = ExtResource("8_tereu")
platform_scenes = Array[PackedScene]([ExtResource("9_cdqbm"), ExtResource("10_imku0"), ExtResource("19_obt1j"), ExtResource("9_cdqbm"), ExtResource("10_imku0")])
randomize_in_editor = true

[node name="@Node3D@22416" type="Node3D" parent="Level" instance=ExtResource("17_nu31w")]
transform = Transform3D(-0.429339, 0, 0.903144, 0, 1, 0, -0.903144, 0, -0.429339, -6.71882, 0, -22.8715)
script = ExtResource("8_tereu")
platform_scenes = Array[PackedScene]([ExtResource("18_obt1j")])
randomize_in_editor = true

[node name="@Node3D@22418" type="Node3D" parent="Level" instance=ExtResource("7_6iypd")]
transform = Transform3D(0.490066, 0, 0.871686, 0, 1, 0, -0.871686, 0, 0.490066, -10.1317, 0, -29.2733)
script = ExtResource("8_tereu")
platform_scenes = Array[PackedScene]([ExtResource("9_cdqbm"), ExtResource("10_imku0"), ExtResource("19_obt1j"), ExtResource("9_cdqbm"), ExtResource("10_imku0")])
randomize_in_editor = true

[node name="@Node3D@22420" type="Node3D" parent="Level" instance=ExtResource("11_imku0")]
transform = Transform3D(0.790552, 0, -0.612395, 0, 1, 0, 0.612395, 0, 0.790552, -11.5724, 0, -33.9475)
script = ExtResource("8_tereu")
platform_scenes = Array[PackedScene]([ExtResource("12_wlxy5"), ExtResource("13_3v7ru"), ExtResource("22_2yde8")])
randomize_in_editor = true

[node name="@Node3D@22422" type="Node3D" parent="Level" instance=ExtResource("17_nu31w")]
transform = Transform3D(0.984185, 0, 0.177143, 0, 1, 0, -0.177143, 0, 0.984185, -8.65703, 0, -36.9727)
script = ExtResource("8_tereu")
platform_scenes = Array[PackedScene]([ExtResource("18_obt1j")])
randomize_in_editor = true

[node name="@Node3D@22424" type="Node3D" parent="Level" instance=ExtResource("17_nu31w")]
transform = Transform3D(0.0560053, 0, -0.99843, 0, 1, 0, 0.99843, 0, 0.0560053, -9.63022, 0, -39.6944)
script = ExtResource("8_tereu")
platform_scenes = Array[PackedScene]([ExtResource("18_obt1j")])
randomize_in_editor = true

[node name="@Node3D@22426" type="Node3D" parent="Level" instance=ExtResource("7_6iypd")]
transform = Transform3D(-0.400886, 0, 0.916128, 0, 1, 0, -0.916128, 0, -0.400886, -4.46365, 0, -27.4686)
script = ExtResource("8_tereu")
platform_scenes = Array[PackedScene]([ExtResource("9_cdqbm"), ExtResource("10_imku0"), ExtResource("19_obt1j"), ExtResource("9_cdqbm"), ExtResource("10_imku0")])
randomize_in_editor = true

[node name="@Node3D@22428" type="Node3D" parent="Level" instance=ExtResource("17_nu31w")]
transform = Transform3D(-0.684319, 0, -0.729183, 0, 1, 0, 0.729183, 0, -0.684319, -3.92454, 0, -32.173)
script = ExtResource("8_tereu")
platform_scenes = Array[PackedScene]([ExtResource("18_obt1j")])
randomize_in_editor = true

[node name="@Node3D@22430" type="Node3D" parent="Level" instance=ExtResource("17_nu31w")]
transform = Transform3D(-0.851357, 0, -0.524587, 0, 1, 0, 0.524587, 0, -0.851357, 2.5, 0, 0)
script = ExtResource("8_tereu")
