[gd_scene load_steps=34 format=3 uid="uid://3f7k8dolqfhh"]

[ext_resource type="PackedScene" uid="uid://g4tbrr3sfui2" path="res://player.tscn" id="1_a202f"]
[ext_resource type="Script" uid="uid://b85s3xfg6xv8i" path="res://game_manager.gd" id="1_tereu"]
[ext_resource type="FontFile" uid="uid://decj3qo5pg26d" path="res://kirifont/KiriFont.otf" id="2_cdqbm"]
[ext_resource type="LabelSettings" uid="uid://b32jxxg8k3j45" path="res://custom.tres" id="2_tereu"]
[ext_resource type="LabelSettings" uid="uid://c2fbmgdggtmr8" path="res://leaderboard.tres" id="4_imku0"]
[ext_resource type="PackedScene" uid="uid://o6nh6fno5b0d" path="res://level/level.tscn" id="6_i5arm"]
[ext_resource type="PackedScene" uid="uid://berc3ktdu00jq" path="res://water_grid.tscn" id="6_jsk3o"]
[ext_resource type="PackedScene" uid="uid://cloxm7yrf3dau" path="res://player4.tscn" id="6_vxd74"]
[ext_resource type="PackedScene" uid="uid://6kx5nm2ecru" path="res://items/generators/items.tscn" id="6_wc5p8"]
[ext_resource type="PackedScene" uid="uid://bgowpuve5rom4" path="res://level/1x1/1x1.tscn" id="7_6iypd"]
[ext_resource type="PackedScene" uid="uid://cwjt7a54ooioq" path="res://player3.tscn" id="7_dhlwf"]
[ext_resource type="PackedScene" uid="uid://oa4gk1w85htb" path="res://kill_zone.tscn" id="7_wc5p8"]
[ext_resource type="PackedScene" uid="uid://685x3hhuvr5l" path="res://player2.tscn" id="8_5t8nk"]
[ext_resource type="Script" uid="uid://4ohwjxvwlf14" path="res://scripts/random_platform.gd" id="8_tereu"]
[ext_resource type="PackedScene" uid="uid://bau54xbcyquty" path="res://goal.tscn" id="9_4arys"]
[ext_resource type="PackedScene" uid="uid://evotmterwgic" path="res://level/1x1/0.tscn" id="9_cdqbm"]
[ext_resource type="PackedScene" uid="uid://bq3jgcl0fepk2" path="res://level/1x1/1.tscn" id="10_imku0"]
[ext_resource type="PackedScene" uid="uid://bct2vsr7ymxi4" path="res://level/2x2/2x2.tscn" id="11_imku0"]
[ext_resource type="PackedScene" uid="uid://l2l3mvvrqhsu" path="res://level/2x2/0.tscn" id="12_wlxy5"]
[ext_resource type="PackedScene" uid="uid://da3dp6rlapf65" path="res://level/2x2/1.tscn" id="13_3v7ru"]
[ext_resource type="PackedScene" uid="uid://ck51bdne8ldwv" path="res://island.tscn" id="14_wlxy5"]
[ext_resource type="PackedScene" uid="uid://bpulflnw0vw5l" path="res://level/2x1/2x1.tscn" id="17_nu31w"]
[ext_resource type="PackedScene" uid="uid://dviuybxhwu1ho" path="res://level/2x1/0.tscn" id="18_obt1j"]
[ext_resource type="PackedScene" uid="uid://gof5kolddo3a" path="res://level/1x1/2.tscn" id="19_obt1j"]
[ext_resource type="PackedScene" uid="uid://bsmlem37lo4th" path="res://level/2x2/2.tscn" id="22_2yde8"]
[ext_resource type="PackedScene" uid="uid://csmc4dfieimjx" path="res://meshes/Startplatform/Startingplatform.tscn" id="24_dhlwf"]
[ext_resource type="PackedScene" uid="uid://b5bxwo0db64jg" path="res://meshes/Chest/chest.glb" id="24_nu31w"]

[sub_resource type="LabelSettings" id="LabelSettings_cdqbm"]
font = ExtResource("2_cdqbm")
font_size = 300
outline_size = 40
outline_color = Color(0, 0, 0, 1)

[sub_resource type="StyleBoxFlat" id="StyleBoxFlat_cdqbm"]
bg_color = Color(7.52043e-08, 0.0590926, 0.150703, 0.411765)

[sub_resource type="ProceduralSkyMaterial" id="ProceduralSkyMaterial_noarx"]

[sub_resource type="Sky" id="Sky_noarx"]
sky_material = SubResource("ProceduralSkyMaterial_noarx")

[sub_resource type="Environment" id="Environment_a0tk4"]
background_mode = 2
background_energy_multiplier = 2.5
sky = SubResource("Sky_noarx")

[sub_resource type="CameraAttributesPractical" id="CameraAttributesPractical_noarx"]

[node name="Game" type="Node3D"]

[node name="GameManager" type="Node" parent="."]
script = ExtResource("1_tereu")

[node name="CanvasLayer" type="CanvasLayer" parent="GameManager"]
layer = 100

[node name="SharedLabel" type="Label" parent="GameManager/CanvasLayer"]
custom_minimum_size = Vector2(400, 400)
anchors_preset = 8
anchor_left = 0.5
anchor_top = 0.5
anchor_right = 0.5
anchor_bottom = 0.5
offset_left = -960.0
offset_top = -540.0
offset_right = 960.0
offset_bottom = 540.0
grow_horizontal = 2
grow_vertical = 2
pivot_offset = Vector2(960, 540)
size_flags_vertical = 1
theme_override_font_sizes/font_size = 50
label_settings = ExtResource("2_tereu")
horizontal_alignment = 1
vertical_alignment = 1
autowrap_mode = 2
metadata/_edit_use_anchors_ = true

[node name="SharedLabel2" type="Label" parent="GameManager/CanvasLayer"]
custom_minimum_size = Vector2(2000, 1200)
anchors_preset = 8
anchor_left = 0.5
anchor_top = 0.5
anchor_right = 0.5
anchor_bottom = 0.5
offset_left = -1000.0
offset_top = -600.0
offset_right = 1000.0
offset_bottom = 600.0
grow_horizontal = 2
grow_vertical = 2
size_flags_vertical = 1
text = " "
label_settings = SubResource("LabelSettings_cdqbm")
horizontal_alignment = 1
vertical_alignment = 1
autowrap_mode = 2
metadata/_edit_use_anchors_ = true

[node name="opacity" type="Panel" parent="GameManager/CanvasLayer"]
visible = false
anchors_preset = 15
anchor_right = 1.0
anchor_bottom = 1.0
grow_horizontal = 2
grow_vertical = 2
size_flags_horizontal = 4
size_flags_vertical = 4
theme_override_styles/panel = SubResource("StyleBoxFlat_cdqbm")

[node name="Leaderboard" type="Panel" parent="GameManager/CanvasLayer/opacity"]
custom_minimum_size = Vector2(500, 500)
layout_mode = 1
anchors_preset = 8
anchor_left = 0.5
anchor_top = 0.5
anchor_right = 0.5
anchor_bottom = 0.5
offset_left = -250.0
offset_top = -250.0
offset_right = 250.0
offset_bottom = 250.0
grow_horizontal = 2
grow_vertical = 2

[node name="VBoxContainer" type="VBoxContainer" parent="GameManager/CanvasLayer/opacity/Leaderboard"]
layout_mode = 1
anchors_preset = 15
anchor_right = 1.0
anchor_bottom = 1.0
grow_horizontal = 2
grow_vertical = 2
theme_override_constants/separation = 20

[node name="Score1st" type="Label" parent="GameManager/CanvasLayer/opacity/Leaderboard/VBoxContainer"]
custom_minimum_size = Vector2(100, 100)
layout_mode = 2
size_flags_vertical = 3
label_settings = ExtResource("4_imku0")
horizontal_alignment = 1
vertical_alignment = 1
autowrap_mode = 2

[node name="Score2nd" type="Label" parent="GameManager/CanvasLayer/opacity/Leaderboard/VBoxContainer"]
custom_minimum_size = Vector2(100, 100)
layout_mode = 2
size_flags_vertical = 3
label_settings = ExtResource("4_imku0")
horizontal_alignment = 1
vertical_alignment = 1
autowrap_mode = 2

[node name="Score3rd" type="Label" parent="GameManager/CanvasLayer/opacity/Leaderboard/VBoxContainer"]
custom_minimum_size = Vector2(100, 100)
layout_mode = 2
size_flags_vertical = 3
label_settings = ExtResource("4_imku0")
horizontal_alignment = 1
vertical_alignment = 1
autowrap_mode = 2

[node name="Score4th" type="Label" parent="GameManager/CanvasLayer/opacity/Leaderboard/VBoxContainer"]
custom_minimum_size = Vector2(100, 100)
layout_mode = 2
size_flags_vertical = 3
label_settings = ExtResource("4_imku0")
horizontal_alignment = 1
vertical_alignment = 1
autowrap_mode = 2

[node name="Leaderboard2" type="Panel" parent="GameManager/CanvasLayer/opacity"]
visible = false
custom_minimum_size = Vector2(1000, 150)
layout_mode = 1
anchors_preset = 8
anchor_left = 0.5
anchor_top = 0.5
anchor_right = 0.5
anchor_bottom = 0.5
offset_left = -500.0
offset_top = 140.0
offset_right = 500.0
offset_bottom = 290.0
grow_horizontal = 2
grow_vertical = 2

[node name="MarginContainer" type="MarginContainer" parent="GameManager/CanvasLayer/opacity/Leaderboard2"]
layout_mode = 1
anchors_preset = 15
anchor_right = 1.0
anchor_bottom = 1.0
grow_horizontal = 2
grow_vertical = 2
theme_override_constants/margin_left = 30
theme_override_constants/margin_top = 30
theme_override_constants/margin_right = 30
theme_override_constants/margin_bottom = 30

[node name="HBoxContainer" type="HBoxContainer" parent="GameManager/CanvasLayer/opacity/Leaderboard2/MarginContainer"]
custom_minimum_size = Vector2(1000, 0)
layout_mode = 2
theme_override_constants/separation = 100

[node name="Options" type="Button" parent="GameManager/CanvasLayer/opacity/Leaderboard2/MarginContainer/HBoxContainer"]
layout_mode = 2
size_flags_horizontal = 3
size_flags_vertical = 3
theme_override_fonts/font = ExtResource("2_cdqbm")
theme_override_font_sizes/font_size = 50
text = "Options"

[node name="StartGame" type="Button" parent="GameManager/CanvasLayer/opacity/Leaderboard2/MarginContainer/HBoxContainer"]
layout_mode = 2
size_flags_horizontal = 3
size_flags_vertical = 3
theme_override_fonts/font = ExtResource("2_cdqbm")
theme_override_font_sizes/font_size = 50
text = "Restart"

[node name="Quit" type="Button" parent="GameManager/CanvasLayer/opacity/Leaderboard2/MarginContainer/HBoxContainer"]
layout_mode = 2
size_flags_horizontal = 3
size_flags_vertical = 3
theme_override_fonts/font = ExtResource("2_cdqbm")
theme_override_font_sizes/font_size = 50
text = "quit"

[node name="DirectionalLight3D" type="DirectionalLight3D" parent="."]
transform = Transform3D(-0.534213, -0.815404, -0.223011, -0.284691, -0.0748638, 0.955692, -0.79597, 0.574032, -0.192145, -4.2404, 11.0469, -3.46405)
shadow_enabled = true

[node name="WorldEnvironment" type="WorldEnvironment" parent="."]
environment = SubResource("Environment_a0tk4")
camera_attributes = SubResource("CameraAttributesPractical_noarx")

[node name="GridContainer" type="GridContainer" parent="."]
anchors_preset = 15
anchor_right = 1.0
anchor_bottom = 1.0
grow_horizontal = 2
grow_vertical = 2
columns = 2

[node name="SubViewportContainer" type="SubViewportContainer" parent="GridContainer"]
layout_mode = 2
size_flags_horizontal = 3
size_flags_vertical = 3
stretch = true

[node name="SubViewport" type="SubViewport" parent="GridContainer/SubViewportContainer"]
handle_input_locally = false
size = Vector2i(958, 538)
render_target_update_mode = 4

[node name="Player" parent="GridContainer/SubViewportContainer/SubViewport" instance=ExtResource("1_a202f")]
transform = Transform3D(1, 0, 0, 0, 1, 0, 0, 0, 1, 0, 10, 0)
axis_lock_angular_y = true

[node name="IconTexture" type="TextureRect" parent="GridContainer/SubViewportContainer/SubViewport/Player"]
offset_right = 150.0
offset_bottom = 150.0
expand_mode = 1

[node name="PointsLabel" type="Label" parent="GridContainer/SubViewportContainer/SubViewport/Player"]
anchors_preset = 2
anchor_top = 1.0
anchor_bottom = 1.0
offset_top = -23.0
offset_right = 79.0
grow_vertical = 0

[node name="MarginContainer" type="MarginContainer" parent="GridContainer/SubViewportContainer/SubViewport/Player"]
visible = false
offset_left = 20.0
offset_top = 20.0
offset_right = 60.0
offset_bottom = 61.0

[node name="CurrItemLabel" type="Label" parent="GridContainer/SubViewportContainer/SubViewport/Player/MarginContainer"]
layout_mode = 2

[node name="SubViewportContainer2" type="SubViewportContainer" parent="GridContainer"]
layout_mode = 2
size_flags_horizontal = 3
size_flags_vertical = 3
stretch = true

[node name="SubViewport" type="SubViewport" parent="GridContainer/SubViewportContainer2"]
handle_input_locally = false
size = Vector2i(958, 538)
render_target_update_mode = 4

[node name="Player2" parent="GridContainer/SubViewportContainer2/SubViewport" instance=ExtResource("8_5t8nk")]
transform = Transform3D(1, 0, 0, 0, 1, 0, 0, 0, 1, 2.5, 10, 0)
visible = false

[node name="PointsLabel" type="Label" parent="GridContainer/SubViewportContainer2/SubViewport/Player2"]
anchors_preset = 3
anchor_left = 1.0
anchor_top = 1.0
anchor_right = 1.0
anchor_bottom = 1.0
offset_left = -79.0
offset_top = -41.0
grow_horizontal = 0
grow_vertical = 0

[node name="MarginContainer" type="MarginContainer" parent="GridContainer/SubViewportContainer2/SubViewport/Player2"]
visible = false
anchors_preset = 1
anchor_left = 1.0
anchor_right = 1.0
offset_left = -40.0
offset_bottom = 41.0
grow_horizontal = 0

[node name="CurrItemLabel" type="Label" parent="GridContainer/SubViewportContainer2/SubViewport/Player2/MarginContainer"]
layout_mode = 2

[node name="IconTexture" type="TextureRect" parent="GridContainer/SubViewportContainer2/SubViewport/Player2"]
anchors_preset = 1
anchor_left = 1.0
anchor_right = 1.0
offset_left = -150.0
offset_bottom = 150.0
grow_horizontal = 0
expand_mode = 1

[node name="SubViewportContainer3" type="SubViewportContainer" parent="GridContainer"]
layout_mode = 2
size_flags_horizontal = 3
size_flags_vertical = 3
stretch = true

[node name="SubViewport" type="SubViewport" parent="GridContainer/SubViewportContainer3"]
handle_input_locally = false
size = Vector2i(958, 538)
render_target_update_mode = 4

[node name="Player3" parent="GridContainer/SubViewportContainer3/SubViewport" instance=ExtResource("7_dhlwf")]
transform = Transform3D(1, 0, 0, 0, 1, 0, 0, 0, 1, 5, 10, 0)
visible = false

[node name="IconTexture" type="TextureRect" parent="GridContainer/SubViewportContainer3/SubViewport/Player3"]
anchors_preset = 2
anchor_top = 1.0
anchor_bottom = 1.0
offset_top = -150.0
offset_right = 150.0
grow_vertical = 0
expand_mode = 1

[node name="PointsLabel" type="Label" parent="GridContainer/SubViewportContainer3/SubViewport/Player3"]
anchors_preset = 2
anchor_top = 1.0
anchor_bottom = 1.0
offset_top = -41.0
offset_right = 79.0
grow_vertical = 0

[node name="MarginContainer" type="MarginContainer" parent="GridContainer/SubViewportContainer3/SubViewport/Player3"]
visible = false
anchors_preset = 2
anchor_top = 1.0
anchor_bottom = 1.0
offset_top = -41.0
offset_right = 40.0
grow_vertical = 0

[node name="CurrItemLabel" type="Label" parent="GridContainer/SubViewportContainer3/SubViewport/Player3/MarginContainer"]
layout_mode = 2

[node name="SubViewportContainer4" type="SubViewportContainer" parent="GridContainer"]
layout_mode = 2
size_flags_horizontal = 3
size_flags_vertical = 3
stretch = true

[node name="SubViewport" type="SubViewport" parent="GridContainer/SubViewportContainer4"]
handle_input_locally = false
size = Vector2i(958, 538)
render_target_update_mode = 4

[node name="Player4" parent="GridContainer/SubViewportContainer4/SubViewport" instance=ExtResource("6_vxd74")]
transform = Transform3D(1, 0, 0, 0, 1, 0, 0, 0, 1, 7.5, 10, 0)
visible = false

[node name="IconTexture" type="TextureRect" parent="GridContainer/SubViewportContainer4/SubViewport/Player4"]
anchors_preset = 3
anchor_left = 1.0
anchor_top = 1.0
anchor_right = 1.0
anchor_bottom = 1.0
offset_left = -150.0
offset_top = -150.0
grow_horizontal = 0
grow_vertical = 0
expand_mode = 1

[node name="PointsLabel" type="Label" parent="GridContainer/SubViewportContainer4/SubViewport/Player4"]
anchors_preset = 3
anchor_left = 1.0
anchor_top = 1.0
anchor_right = 1.0
anchor_bottom = 1.0
offset_left = -79.0
offset_top = -41.0
grow_horizontal = 0
grow_vertical = 0

[node name="MarginContainer" type="MarginContainer" parent="GridContainer/SubViewportContainer4/SubViewport/Player4"]
visible = false
anchors_preset = 3
anchor_left = 1.0
anchor_top = 1.0
anchor_right = 1.0
anchor_bottom = 1.0
offset_left = -40.0
offset_top = -41.0
grow_horizontal = 0
grow_vertical = 0

[node name="CurrItemLabel" type="Label" parent="GridContainer/SubViewportContainer4/SubViewport/Player4/MarginContainer"]
layout_mode = 2

[node name="Items" parent="." instance=ExtResource("6_wc5p8")]

[node name="Level" parent="." instance=ExtResource("6_i5arm")]

[node name="Node3D" type="Node3D" parent="Level" instance=ExtResource("7_6iypd")]
transform = Transform3D(-0.981787, 0, 0.189984, 0, 1, 0, -0.189984, 0, -0.981787, 0, 0, 0)
script = ExtResource("8_tereu")
platform_scenes = Array[PackedScene]([ExtResource("9_cdqbm"), ExtResource("10_imku0"), ExtResource("19_obt1j"), ExtResource("9_cdqbm"), ExtResource("10_imku0")])
randomize_in_editor = true

[node name="@Node3D@71658" type="Node3D" parent="Level" instance=ExtResource("7_6iypd")]
transform = Transform3D(-0.697859, 0, 0.716235, 0, 1, 0, -0.716235, 0, -0.697859, 4.61997, 0, -5.86102)
script = ExtResource("8_tereu")
platform_scenes = Array[PackedScene]([ExtResource("9_cdqbm"), ExtResource("10_imku0"), ExtResource("19_obt1j"), ExtResource("9_cdqbm"), ExtResource("10_imku0")])
randomize_in_editor = true

[node name="@Node3D@71660" type="Node3D" parent="Level" instance=ExtResource("11_imku0")]
transform = Transform3D(-0.155199, 0, -0.987883, 0, 1, 0, 0.987883, 0, -0.155199, 3.19624, 0, -12.3622)
script = ExtResource("8_tereu")
platform_scenes = Array[PackedScene]([ExtResource("12_wlxy5"), ExtResource("13_3v7ru"), ExtResource("22_2yde8")])
randomize_in_editor = true

[node name="@Node3D@71662" type="Node3D" parent="Level" instance=ExtResource("7_6iypd")]
transform = Transform3D(-0.704079, 0, 0.710122, 0, 1, 0, -0.710122, 0, -0.704079, 7.81686, 0, -17.7049)
script = ExtResource("8_tereu")
platform_scenes = Array[PackedScene]([ExtResource("9_cdqbm"), ExtResource("10_imku0"), ExtResource("19_obt1j"), ExtResource("9_cdqbm"), ExtResource("10_imku0")])
randomize_in_editor = true

[node name="@Node3D@71664" type="Node3D" parent="Level" instance=ExtResource("7_6iypd")]
transform = Transform3D(-0.817142, 0, 0.576437, 0, 1, 0, -0.576437, 0, -0.817142, 7.01248, 0, -20.2228)
script = ExtResource("8_tereu")
platform_scenes = Array[PackedScene]([ExtResource("9_cdqbm"), ExtResource("10_imku0"), ExtResource("19_obt1j"), ExtResource("9_cdqbm"), ExtResource("10_imku0")])
randomize_in_editor = true

[node name="@Node3D@71666" type="Node3D" parent="Level" instance=ExtResource("11_imku0")]
transform = Transform3D(-0.987507, 0, 0.157578, 0, 1, 0, -0.157578, 0, -0.987507, 11.4766, 0, -25.2747)
script = ExtResource("8_tereu")
platform_scenes = Array[PackedScene]([ExtResource("12_wlxy5"), ExtResource("13_3v7ru"), ExtResource("22_2yde8")])
randomize_in_editor = true

[node name="@Node3D@71668" type="Node3D" parent="Level" instance=ExtResource("17_nu31w")]
transform = Transform3D(-0.117431, 0, 0.993081, 0, 1, 0, -0.993081, 0, -0.117431, 7.65209, 0, -30.2659)
script = ExtResource("8_tereu")
platform_scenes = Array[PackedScene]([ExtResource("18_obt1j")])
randomize_in_editor = true

[node name="@Node3D@71670" type="Node3D" parent="Level" instance=ExtResource("17_nu31w")]
transform = Transform3D(-0.121029, 0, -0.992649, 0, 1, 0, 0.992649, 0, -0.121029, 6.89542, 0, -34.2559)
script = ExtResource("8_tereu")
platform_scenes = Array[PackedScene]([ExtResource("18_obt1j")])
randomize_in_editor = true

[node name="@Node3D@71672" type="Node3D" parent="Level" instance=ExtResource("17_nu31w")]
transform = Transform3D(0.602031, 0, -0.798473, 0, 1, 0, 0.798473, 0, 0.602031, 6.45544, 0, -41.2172)
script = ExtResource("8_tereu")
platform_scenes = Array[PackedScene]([ExtResource("18_obt1j")])
randomize_in_editor = true

[node name="@Node3D@71674" type="Node3D" parent="Level" instance=ExtResource("7_6iypd")]
transform = Transform3D(0.278893, 0, 0.960322, 0, 1, 0, -0.960322, 0, 0.278893, 9.38142, 0, -47.8353)
script = ExtResource("8_tereu")
platform_scenes = Array[PackedScene]([ExtResource("9_cdqbm"), ExtResource("10_imku0"), ExtResource("19_obt1j"), ExtResource("9_cdqbm"), ExtResource("10_imku0")])
randomize_in_editor = true

[node name="@Node3D@71676" type="Node3D" parent="Level" instance=ExtResource("17_nu31w")]
transform = Transform3D(0.0353418, 0, 0.999375, 0, 1, 0, -0.999375, 0, 0.0353418, 9.5177, 0, -52.4141)
script = ExtResource("8_tereu")
platform_scenes = Array[PackedScene]([ExtResource("18_obt1j")])
randomize_in_editor = true

[node name="@Node3D@71678" type="Node3D" parent="Level" instance=ExtResource("11_imku0")]
transform = Transform3D(0.563916, 0, -0.825832, 0, 1, 0, 0.825832, 0, 0.563916, 8.26319, 0, -54.8644)
script = ExtResource("8_tereu")
platform_scenes = Array[PackedScene]([ExtResource("12_wlxy5"), ExtResource("13_3v7ru"), ExtResource("22_2yde8")])
randomize_in_editor = true

[node name="@Node3D@71680" type="Node3D" parent="Level" instance=ExtResource("17_nu31w")]
transform = Transform3D(-0.897885, 0, -0.440229, 0, 1, 0, 0.440229, 0, -0.897885, 6.95794, 0, -61.6417)
script = ExtResource("8_tereu")
platform_scenes = Array[PackedScene]([ExtResource("18_obt1j")])
randomize_in_editor = true

[node name="@Node3D@71682" type="Node3D" parent="Level" instance=ExtResource("7_6iypd")]
transform = Transform3D(-0.485378, 0, -0.874304, 0, 1, 0, 0.874304, 0, -0.485378, 8.9683, 0, -64.3826)
script = ExtResource("8_tereu")
platform_scenes = Array[PackedScene]([ExtResource("9_cdqbm"), ExtResource("10_imku0"), ExtResource("19_obt1j"), ExtResource("9_cdqbm"), ExtResource("10_imku0")])
randomize_in_editor = true

[node name="@Node3D@71684" type="Node3D" parent="Level" instance=ExtResource("11_imku0")]
transform = Transform3D(-0.933579, 0, -0.358372, 0, 1, 0, 0.358372, 0, -0.933579, 7.93694, 0, -70.8528)
script = ExtResource("8_tereu")
platform_scenes = Array[PackedScene]([ExtResource("12_wlxy5"), ExtResource("13_3v7ru"), ExtResource("22_2yde8")])
randomize_in_editor = true

[node name="@Node3D@71686" type="Node3D" parent="Level" instance=ExtResource("17_nu31w")]
transform = Transform3D(0.854392, 0, 0.519629, 0, 1, 0, -0.519629, 0, 0.854392, 9.87948, 0, -75.3691)
script = ExtResource("8_tereu")
platform_scenes = Array[PackedScene]([ExtResource("18_obt1j")])
randomize_in_editor = true

[node name="@Node3D@71688" type="Node3D" parent="Level" instance=ExtResource("7_6iypd")]
transform = Transform3D(-0.383802, 0, -0.923415, 0, 1, 0, 0.923415, 0, -0.383802, 8.47336, 0, -77.8875)
script = ExtResource("8_tereu")
platform_scenes = Array[PackedScene]([ExtResource("9_cdqbm"), ExtResource("10_imku0"), ExtResource("19_obt1j"), ExtResource("9_cdqbm"), ExtResource("10_imku0")])
randomize_in_editor = true

[node name="@Node3D@71690" type="Node3D" parent="Level" instance=ExtResource("11_imku0")]
transform = Transform3D(0.0444985, 0, -0.999009, 0, 1, 0, 0.999009, 0, 0.0444985, 8.47046, 0, -80.9416)
script = ExtResource("8_tereu")
platform_scenes = Array[PackedScene]([ExtResource("12_wlxy5"), ExtResource("13_3v7ru"), ExtResource("22_2yde8")])
randomize_in_editor = true

[node name="@Node3D@71692" type="Node3D" parent="Level" instance=ExtResource("11_imku0")]
transform = Transform3D(0.992549, 0, 0.121845, 0, 1, 0, -0.121845, 0, 0.992549, 9.10267, 0, -87.06)
script = ExtResource("8_tereu")
platform_scenes = Array[PackedScene]([ExtResource("12_wlxy5"), ExtResource("13_3v7ru"), ExtResource("22_2yde8")])
randomize_in_editor = true

[node name="@Node3D@71694" type="Node3D" parent="Level" instance=ExtResource("7_6iypd")]
transform = Transform3D(-0.519345, 0, -0.854564, 0, 1, 0, 0.854564, 0, -0.519345, 11.6362, 0, -92.015)
script = ExtResource("8_tereu")
platform_scenes = Array[PackedScene]([ExtResource("9_cdqbm"), ExtResource("10_imku0"), ExtResource("19_obt1j"), ExtResource("9_cdqbm"), ExtResource("10_imku0")])
randomize_in_editor = true

[node name="@Node3D@71696" type="Node3D" parent="Level" instance=ExtResource("17_nu31w")]
transform = Transform3D(0.857663, 0, -0.514212, 0, 1, 0, 0.514212, 0, 0.857663, 9.48368, 0, -94.8813)
script = ExtResource("8_tereu")
platform_scenes = Array[PackedScene]([ExtResource("18_obt1j")])
randomize_in_editor = true

[node name="@Node3D@71698" type="Node3D" parent="Level" instance=ExtResource("7_6iypd")]
transform = Transform3D(-0.781542, 0, 0.623852, 0, 1, 0, -0.623852, 0, -0.781542, 6.65455, 0, -98.9959)
script = ExtResource("8_tereu")
platform_scenes = Array[PackedScene]([ExtResource("9_cdqbm"), ExtResource("10_imku0"), ExtResource("19_obt1j"), ExtResource("9_cdqbm"), ExtResource("10_imku0")])
randomize_in_editor = true

[node name="@Node3D@71700" type="Node3D" parent="Level" instance=ExtResource("17_nu31w")]
transform = Transform3D(-0.861972, 0, 0.506956, 0, 1, 0, -0.506956, 0, -0.861972, 4.58854, 0, -101.925)
script = ExtResource("8_tereu")
platform_scenes = Array[PackedScene]([ExtResource("18_obt1j")])
randomize_in_editor = true

[node name="@Node3D@71702" type="Node3D" parent="Level" instance=ExtResource("11_imku0")]
transform = Transform3D(0.231834, 0, 0.972755, 0, 1, 0, -0.972755, 0, 0.231834, 8.70365, 0, -107.339)
script = ExtResource("8_tereu")
platform_scenes = Array[PackedScene]([ExtResource("12_wlxy5"), ExtResource("13_3v7ru"), ExtResource("22_2yde8")])
randomize_in_editor = true

[node name="@Node3D@71704" type="Node3D" parent="Level" instance=ExtResource("11_imku0")]
transform = Transform3D(-0.297474, 0, 0.95473, 0, 1, 0, -0.95473, 0, -0.297474, 9.18966, 0, -111.372)
script = ExtResource("8_tereu")
platform_scenes = Array[PackedScene]([ExtResource("12_wlxy5"), ExtResource("13_3v7ru"), ExtResource("22_2yde8")])
randomize_in_editor = true

[node name="@Node3D@71706" type="Node3D" parent="Level" instance=ExtResource("7_6iypd")]
transform = Transform3D(-0.0690497, 0, -0.997613, 0, 1, 0, 0.997613, 0, -0.0690497, 9.92823, 0, -113.896)
script = ExtResource("8_tereu")
platform_scenes = Array[PackedScene]([ExtResource("9_cdqbm"), ExtResource("10_imku0"), ExtResource("19_obt1j"), ExtResource("9_cdqbm"), ExtResource("10_imku0")])
randomize_in_editor = true

[node name="@Node3D@71708" type="Node3D" parent="Level" instance=ExtResource("17_nu31w")]
transform = Transform3D(-0.883534, 0, 0.468367, 0, 1, 0, -0.468367, 0, -0.883534, 7.33962, 0, -120.365)
script = ExtResource("8_tereu")
platform_scenes = Array[PackedScene]([ExtResource("18_obt1j")])
randomize_in_editor = true

[node name="@Node3D@71710" type="Node3D" parent="Level" instance=ExtResource("17_nu31w")]
transform = Transform3D(0.899274, 0, 0.437386, 0, 1, 0, -0.437386, 0, 0.899274, 2.99226, 0, -125.616)
script = ExtResource("8_tereu")
platform_scenes = Array[PackedScene]([ExtResource("18_obt1j")])
randomize_in_editor = true

[node name="@Node3D@71712" type="Node3D" parent="Level" instance=ExtResource("7_6iypd")]
transform = Transform3D(-0.602212, 0, -0.798336, 0, 1, 0, 0.798336, 0, -0.602212, 10.0687, 0, -125.468)
script = ExtResource("8_tereu")
platform_scenes = Array[PackedScene]([ExtResource("9_cdqbm"), ExtResource("10_imku0"), ExtResource("19_obt1j"), ExtResource("9_cdqbm"), ExtResource("10_imku0")])
randomize_in_editor = true

[node name="@Node3D@71714" type="Node3D" parent="Level" instance=ExtResource("17_nu31w")]
transform = Transform3D(-0.693038, 0, -0.720901, 0, 1, 0, 0.720901, 0, -0.693038, 6.22034, 0, -117.183)
script = ExtResource("8_tereu")
platform_scenes = Array[PackedScene]([ExtResource("18_obt1j")])
randomize_in_editor = true

[node name="@Node3D@71716" type="Node3D" parent="Level" instance=ExtResource("7_6iypd")]
transform = Transform3D(0.533785, 0, -0.84562, 0, 1, 0, 0.84562, 0, 0.533785, 7.92391, 0, -104.708)
script = ExtResource("8_tereu")
platform_scenes = Array[PackedScene]([ExtResource("9_cdqbm"), ExtResource("10_imku0"), ExtResource("19_obt1j"), ExtResource("9_cdqbm"), ExtResource("10_imku0")])
randomize_in_editor = true

[node name="@Node3D@71718" type="Node3D" parent="Level" instance=ExtResource("11_imku0")]
transform = Transform3D(0.84177, 0, -0.539836, 0, 1, 0, 0.539836, 0, 0.84177, 4.80288, 0, -111.108)
script = ExtResource("8_tereu")
platform_scenes = Array[PackedScene]([ExtResource("12_wlxy5"), ExtResource("13_3v7ru"), ExtResource("22_2yde8")])
randomize_in_editor = true

[node name="@Node3D@71720" type="Node3D" parent="Level" instance=ExtResource("17_nu31w")]
transform = Transform3D(-0.53901, 0, 0.8423, 0, 1, 0, -0.8423, 0, -0.53901, 8.93335, 0, -116.35)
script = ExtResource("8_tereu")
platform_scenes = Array[PackedScene]([ExtResource("18_obt1j")])
randomize_in_editor = true

[node name="@Node3D@71722" type="Node3D" parent="Level" instance=ExtResource("17_nu31w")]
transform = Transform3D(-0.742029, 0, -0.670368, 0, 1, 0, 0.670368, 0, -0.742029, 10.0608, 0, -119.204)
script = ExtResource("8_tereu")
platform_scenes = Array[PackedScene]([ExtResource("18_obt1j")])
randomize_in_editor = true

[node name="@Node3D@71724" type="Node3D" parent="Level" instance=ExtResource("7_6iypd")]
transform = Transform3D(-0.915884, 0, 0.401444, 0, 1, 0, -0.401444, 0, -0.915884, 11.1662, 0, -98.6899)
script = ExtResource("8_tereu")
platform_scenes = Array[PackedScene]([ExtResource("9_cdqbm"), ExtResource("10_imku0"), ExtResource("19_obt1j"), ExtResource("9_cdqbm"), ExtResource("10_imku0")])
randomize_in_editor = true

[node name="@Node3D@71726" type="Node3D" parent="Level" instance=ExtResource("11_imku0")]
transform = Transform3D(0.869971, 0, -0.493103, 0, 1, 0, 0.493103, 0, 0.869971, 6.96596, 0, -58.928)
script = ExtResource("8_tereu")
platform_scenes = Array[PackedScene]([ExtResource("12_wlxy5"), ExtResource("13_3v7ru"), ExtResource("22_2yde8")])
randomize_in_editor = true

[node name="@Node3D@71728" type="Node3D" parent="Level" instance=ExtResource("17_nu31w")]
transform = Transform3D(-0.36591, 0, -0.93065, 0, 1, 0, 0.93065, 0, -0.36591, 7.39321, 0, -38.1866)
script = ExtResource("8_tereu")
platform_scenes = Array[PackedScene]([ExtResource("18_obt1j")])
randomize_in_editor = true

[node name="@Node3D@71730" type="Node3D" parent="Level" instance=ExtResource("7_6iypd")]
transform = Transform3D(-0.900686, 0, 0.434471, 0, 1, 0, -0.434471, 0, -0.900686, 2.08637, 0, -16.2469)
script = ExtResource("8_tereu")
platform_scenes = Array[PackedScene]([ExtResource("9_cdqbm"), ExtResource("10_imku0"), ExtResource("19_obt1j"), ExtResource("9_cdqbm"), ExtResource("10_imku0")])
randomize_in_editor = true

[node name="@Node3D@71732" type="Node3D" parent="Level" instance=ExtResource("17_nu31w")]
transform = Transform3D(-0.939486, 0, -0.342587, 0, 1, 0, 0.342587, 0, -0.939486, 3.9037, 0, -18.0677)
script = ExtResource("8_tereu")
platform_scenes = Array[PackedScene]([ExtResource("18_obt1j")])
randomize_in_editor = true

[node name="@Node3D@71734" type="Node3D" parent="Level" instance=ExtResource("11_imku0")]
transform = Transform3D(-0.902244, 0, -0.431225, 0, 1, 0, 0.431225, 0, -0.902244, 2.76497, 0, -20.8731)
script = ExtResource("8_tereu")
platform_scenes = Array[PackedScene]([ExtResource("12_wlxy5"), ExtResource("13_3v7ru"), ExtResource("22_2yde8")])
randomize_in_editor = true

[node name="@Node3D@71736" type="Node3D" parent="Level" instance=ExtResource("7_6iypd")]
transform = Transform3D(0.864405, 0, 0.502796, 0, 1, 0, -0.502796, 0, 0.864405, 2.75821, 0, -28.2398)
script = ExtResource("8_tereu")
platform_scenes = Array[PackedScene]([ExtResource("9_cdqbm"), ExtResource("10_imku0"), ExtResource("19_obt1j"), ExtResource("9_cdqbm"), ExtResource("10_imku0")])
randomize_in_editor = true

[node name="@Node3D@71738" type="Node3D" parent="Level" instance=ExtResource("7_6iypd")]
transform = Transform3D(0.183876, 0, 0.982949, 0, 1, 0, -0.982949, 0, 0.183876, 0.584441, 0, -34.076)
script = ExtResource("8_tereu")
platform_scenes = Array[PackedScene]([ExtResource("9_cdqbm"), ExtResource("10_imku0"), ExtResource("19_obt1j"), ExtResource("9_cdqbm"), ExtResource("10_imku0")])
randomize_in_editor = true

[node name="@Node3D@71740" type="Node3D" parent="Level" instance=ExtResource("17_nu31w")]
transform = Transform3D(-0.0393785, 0, -0.999224, 0, 1, 0, 0.999224, 0, -0.0393785, 2.36686, 0, -39.4224)
script = ExtResource("8_tereu")
platform_scenes = Array[PackedScene]([ExtResource("18_obt1j")])
randomize_in_editor = true

[node name="@Node3D@71742" type="Node3D" parent="Level" instance=ExtResource("11_imku0")]
transform = Transform3D(0.981901, 0, 0.189396, 0, 1, 0, -0.189396, 0, 0.981901, 2.34665, 0, -43.8365)
script = ExtResource("8_tereu")
platform_scenes = Array[PackedScene]([ExtResource("12_wlxy5"), ExtResource("13_3v7ru"), ExtResource("22_2yde8")])
randomize_in_editor = true

[node name="@Node3D@71744" type="Node3D" parent="Level" instance=ExtResource("11_imku0")]
transform = Transform3D(0.866341, 0, 0.499452, 0, 1, 0, -0.499452, 0, 0.866341, 3.51682, 0, -49.1669)
script = ExtResource("8_tereu")
platform_scenes = Array[PackedScene]([ExtResource("12_wlxy5"), ExtResource("13_3v7ru"), ExtResource("22_2yde8")])
randomize_in_editor = true

[node name="@Node3D@71746" type="Node3D" parent="Level" instance=ExtResource("11_imku0")]
transform = Transform3D(-0.285341, 0, 0.958426, 0, 1, 0, -0.958426, 0, -0.285341, 1.69827, 0, -54.3435)
script = ExtResource("8_tereu")
platform_scenes = Array[PackedScene]([ExtResource("12_wlxy5"), ExtResource("13_3v7ru"), ExtResource("22_2yde8")])
randomize_in_editor = true

[node name="@Node3D@71748" type="Node3D" parent="Level" instance=ExtResource("7_6iypd")]
transform = Transform3D(0.38778, 0, 0.921752, 0, 1, 0, -0.921752, 0, 0.38778, 4.53631, 0, -57.7301)
script = ExtResource("8_tereu")
platform_scenes = Array[PackedScene]([ExtResource("9_cdqbm"), ExtResource("10_imku0"), ExtResource("19_obt1j"), ExtResource("9_cdqbm"), ExtResource("10_imku0")])
randomize_in_editor = true

[node name="@Node3D@71750" type="Node3D" parent="Level" instance=ExtResource("11_imku0")]
transform = Transform3D(0.588568, 0, 0.808448, 0, 1, 0, -0.808448, 0, 0.588568, 2.84705, 0, -60.5545)
script = ExtResource("8_tereu")
platform_scenes = Array[PackedScene]([ExtResource("12_wlxy5"), ExtResource("13_3v7ru"), ExtResource("22_2yde8")])
randomize_in_editor = true

[node name="@Node3D@71752" type="Node3D" parent="Level" instance=ExtResource("17_nu31w")]
transform = Transform3D(-0.457463, 0, -0.889229, 0, 1, 0, 0.889229, 0, -0.457463, 4.48798, 0, -62.4536)
script = ExtResource("8_tereu")
platform_scenes = Array[PackedScene]([ExtResource("18_obt1j")])
randomize_in_editor = true

[node name="@Node3D@71754" type="Node3D" parent="Level" instance=ExtResource("17_nu31w")]
transform = Transform3D(0.0706972, 0, 0.997498, 0, 1, 0, -0.997498, 0, 0.0706972, 1.09436, 0, -66.8311)
script = ExtResource("8_tereu")
platform_scenes = Array[PackedScene]([ExtResource("18_obt1j")])
randomize_in_editor = true

[node name="@Node3D@71756" type="Node3D" parent="Level" instance=ExtResource("11_imku0")]
transform = Transform3D(-0.603404, 0, 0.797435, 0, 1, 0, -0.797435, 0, -0.603404, 1.44447, 0, -72.749)
script = ExtResource("8_tereu")
platform_scenes = Array[PackedScene]([ExtResource("12_wlxy5"), ExtResource("13_3v7ru"), ExtResource("22_2yde8")])
randomize_in_editor = true

[node name="@Node3D@71758" type="Node3D" parent="Level" instance=ExtResource("17_nu31w")]
transform = Transform3D(-0.0708203, 0, 0.997489, 0, 1, 0, -0.997489, 0, -0.0708203, 1.25121, 0, -79.5509)
script = ExtResource("8_tereu")
platform_scenes = Array[PackedScene]([ExtResource("18_obt1j")])
randomize_in_editor = true

[node name="@Node3D@71760" type="Node3D" parent="Level" instance=ExtResource("11_imku0")]
transform = Transform3D(-0.968073, 0, 0.250668, 0, 1, 0, -0.250668, 0, -0.968073, 3.80115, 0, -83.032)
script = ExtResource("8_tereu")
platform_scenes = Array[PackedScene]([ExtResource("12_wlxy5"), ExtResource("13_3v7ru"), ExtResource("22_2yde8")])
randomize_in_editor = true

[node name="@Node3D@71762" type="Node3D" parent="Level" instance=ExtResource("7_6iypd")]
transform = Transform3D(0.87248, 0, -0.48865, 0, 1, 0, 0.48865, 0, 0.87248, 4.9005, 0, -85.9143)
script = ExtResource("8_tereu")
platform_scenes = Array[PackedScene]([ExtResource("9_cdqbm"), ExtResource("10_imku0"), ExtResource("19_obt1j"), ExtResource("9_cdqbm"), ExtResource("10_imku0")])
randomize_in_editor = true

[node name="@Node3D@71764" type="Node3D" parent="Level" instance=ExtResource("17_nu31w")]
transform = Transform3D(0.880761, 0, 0.473561, 0, 1, 0, -0.473561, 0, 0.880761, 3.16108, 0, -92.9472)
script = ExtResource("8_tereu")
platform_scenes = Array[PackedScene]([ExtResource("18_obt1j")])
randomize_in_editor = true

[node name="@Node3D@71766" type="Node3D" parent="Level" instance=ExtResource("11_imku0")]
transform = Transform3D(-0.0193116, 0, 0.999813, 0, 1, 0, -0.999813, 0, -0.0193116, 0.118299, 0, -98.2551)
script = ExtResource("8_tereu")
platform_scenes = Array[PackedScene]([ExtResource("12_wlxy5"), ExtResource("13_3v7ru"), ExtResource("22_2yde8")])
randomize_in_editor = true

[node name="@Node3D@71768" type="Node3D" parent="Level" instance=ExtResource("11_imku0")]
transform = Transform3D(0.0681715, 0, -0.997674, 0, 1, 0, 0.997674, 0, 0.0681715, 1.13793, 0, -101.216)
script = ExtResource("8_tereu")
platform_scenes = Array[PackedScene]([ExtResource("12_wlxy5"), ExtResource("13_3v7ru"), ExtResource("22_2yde8")])
randomize_in_editor = true

[node name="@Node3D@71770" type="Node3D" parent="Level" instance=ExtResource("7_6iypd")]
transform = Transform3D(-0.322729, 0, 0.946491, 0, 1, 0, -0.946491, 0, -0.322729, 1.26031, 0, -104.524)
script = ExtResource("8_tereu")
platform_scenes = Array[PackedScene]([ExtResource("9_cdqbm"), ExtResource("10_imku0"), ExtResource("19_obt1j"), ExtResource("9_cdqbm"), ExtResource("10_imku0")])
randomize_in_editor = true

[node name="@Node3D@71772" type="Node3D" parent="Level" instance=ExtResource("11_imku0")]
transform = Transform3D(-0.561549, 0, 0.827444, 0, 1, 0, -0.827444, 0, -0.561549, -2.81898, 0, -109.639)
script = ExtResource("8_tereu")
platform_scenes = Array[PackedScene]([ExtResource("12_wlxy5"), ExtResource("13_3v7ru"), ExtResource("22_2yde8")])
randomize_in_editor = true

[node name="@Node3D@71774" type="Node3D" parent="Level" instance=ExtResource("17_nu31w")]
transform = Transform3D(-0.30137, 0, 0.953507, 0, 1, 0, -0.953507, 0, -0.30137, -3.22795, 0, -115.102)
script = ExtResource("8_tereu")
platform_scenes = Array[PackedScene]([ExtResource("18_obt1j")])
randomize_in_editor = true

[node name="@Node3D@71776" type="Node3D" parent="Level" instance=ExtResource("17_nu31w")]
transform = Transform3D(0.0762105, 0, -0.997092, 0, 1, 0, 0.997092, 0, 0.0762105, -5.81132, 0, -118.444)
script = ExtResource("8_tereu")
platform_scenes = Array[PackedScene]([ExtResource("18_obt1j")])
randomize_in_editor = true

[node name="@Node3D@71778" type="Node3D" parent="Level" instance=ExtResource("11_imku0")]
transform = Transform3D(-0.53222, 0, -0.846606, 0, 1, 0, 0.846606, 0, -0.53222, -4.55208, 0, -124.811)
script = ExtResource("8_tereu")
platform_scenes = Array[PackedScene]([ExtResource("12_wlxy5"), ExtResource("13_3v7ru"), ExtResource("22_2yde8")])
randomize_in_editor = true

[node name="@Node3D@71780" type="Node3D" parent="Level" instance=ExtResource("17_nu31w")]
transform = Transform3D(-0.932263, 0, -0.361782, 0, 1, 0, 0.361782, 0, -0.932263, -7.87479, 0, -120.691)
script = ExtResource("8_tereu")
platform_scenes = Array[PackedScene]([ExtResource("18_obt1j")])
randomize_in_editor = true

[node name="@Node3D@71782" type="Node3D" parent="Level" instance=ExtResource("7_6iypd")]
transform = Transform3D(-0.894514, 0, 0.447041, 0, 1, 0, -0.447041, 0, -0.894514, -9.93977, 0, -122.974)
script = ExtResource("8_tereu")
platform_scenes = Array[PackedScene]([ExtResource("9_cdqbm"), ExtResource("10_imku0"), ExtResource("19_obt1j"), ExtResource("9_cdqbm"), ExtResource("10_imku0")])
randomize_in_editor = true

[node name="@Node3D@71784" type="Node3D" parent="Level" instance=ExtResource("7_6iypd")]
transform = Transform3D(0.25389, 0, 0.967233, 0, 1, 0, -0.967233, 0, 0.25389, -1.2349, 0, -111.789)
script = ExtResource("8_tereu")
platform_scenes = Array[PackedScene]([ExtResource("9_cdqbm"), ExtResource("10_imku0"), ExtResource("19_obt1j"), ExtResource("9_cdqbm"), ExtResource("10_imku0")])
randomize_in_editor = true

[node name="@Node3D@71786" type="Node3D" parent="Level" instance=ExtResource("17_nu31w")]
transform = Transform3D(-0.668566, 0, -0.743653, 0, 1, 0, 0.743653, 0, -0.668566, -3.03772, 0, -118.915)
script = ExtResource("8_tereu")
platform_scenes = Array[PackedScene]([ExtResource("18_obt1j")])
randomize_in_editor = true

[node name="@Node3D@71788" type="Node3D" parent="Level" instance=ExtResource("7_6iypd")]
transform = Transform3D(-0.985135, 0, 0.171785, 0, 1, 0, -0.171785, 0, -0.985135, -7.21406, 0, -123.635)
script = ExtResource("8_tereu")
platform_scenes = Array[PackedScene]([ExtResource("9_cdqbm"), ExtResource("10_imku0"), ExtResource("19_obt1j"), ExtResource("9_cdqbm"), ExtResource("10_imku0")])
randomize_in_editor = true

[node name="@Node3D@71790" type="Node3D" parent="Level" instance=ExtResource("7_6iypd")]
transform = Transform3D(0.357322, 0, 0.933981, 0, 1, 0, -0.933981, 0, 0.357322, -8.93184, 0, -127.647)
script = ExtResource("8_tereu")
platform_scenes = Array[PackedScene]([ExtResource("9_cdqbm"), ExtResource("10_imku0"), ExtResource("19_obt1j"), ExtResource("9_cdqbm"), ExtResource("10_imku0")])
randomize_in_editor = true

